af-south-1,AWS App Mesh,https://aws.amazon.com/app-mesh/
af-south-1,AWS AppSync,https://aws.amazon.com/appsync/
af-south-1,AWS Application Migration Service (MGN),https://aws.amazon.com/application-migration-service/
af-south-1,AWS Artifact,https://aws.amazon.com/artifact/
af-south-1,AWS Auto Scaling,https://aws.amazon.com/autoscaling/
af-south-1,AWS Backup,https://aws.amazon.com/backup/
af-south-1,AWS Batch,https://aws.amazon.com/batch/
af-south-1,AWS Certificate Manager,https://aws.amazon.com/certificate-manager/
af-south-1,AWS Chatbot,https://aws.amazon.com/chatbot/
af-south-1,AWS Cloud Control API,https://aws.amazon.com/cloudcontrolapi/
af-south-1,AWS Cloud Map,https://aws.amazon.com/cloud-map/
af-south-1,AWS Cloud9,https://aws.amazon.com/cloud9/
af-south-1,AWS CloudFormation,https://aws.amazon.com/cloudformation/
af-south-1,AWS CloudHSM,https://aws.amazon.com/cloudhsm/
af-south-1,AWS CloudShell,https://aws.amazon.com/cloudshell/
af-south-1,AWS CloudTrail,https://aws.amazon.com/cloudtrail/
af-south-1,AWS CodeBuild,https://aws.amazon.com/codebuild/
af-south-1,AWS CodeCommit,https://aws.amazon.com/codecommit/
af-south-1,AWS CodeDeploy,https://aws.amazon.com/codedeploy/
af-south-1,AWS CodePipeline,https://aws.amazon.com/codepipeline/
af-south-1,AWS Compute Optimizer,https://aws.amazon.com/compute-optimizer/
af-south-1,AWS Config,https://aws.amazon.com/config/
af-south-1,AWS Control Tower,https://aws.amazon.com/controltower
af-south-1,AWS DataSync,https://aws.amazon.com/datasync
af-south-1,AWS Database Migration Service,https://aws.amazon.com/dms/
af-south-1,AWS Direct Connect,https://aws.amazon.com/directconnect/
af-south-1,AWS Directory Service,https://aws.amazon.com/directoryservice/
af-south-1,AWS Elastic Beanstalk,https://aws.amazon.com/elasticbeanstalk/
af-south-1,AWS Elastic Disaster Recovery (DRS),https://aws.amazon.com/disaster-recovery/
af-south-1,AWS Elemental MediaConnect,https://aws.amazon.com/mediaconnect
af-south-1,AWS Elemental MediaConvert,https://aws.amazon.com/mediaconvert/
af-south-1,AWS Elemental MediaTailor,https://aws.amazon.com/mediatailor/
af-south-1,AWS Fargate,https://aws.amazon.com/fargate/
af-south-1,AWS Fault Injection Service,https://aws.amazon.com/fis/
af-south-1,AWS Firewall Manager,https://aws.amazon.com/firewall-manager/
af-south-1,AWS Global Accelerator,https://aws.amazon.com/global-accelerator
af-south-1,AWS Glue,https://aws.amazon.com/glue/
af-south-1,AWS Ground Station,https://aws.amazon.com/ground-station/
af-south-1,AWS Health Dashboard,https://aws.amazon.com/premiumsupport/technology/aws-health-dashboard/
af-south-1,AWS IAM Identity Center,https://aws.amazon.com/iam/identity-center/
af-south-1,AWS IQ,https://aws.amazon.com/iq/
af-south-1,AWS Identity and Access Management (IAM),https://aws.amazon.com/iam
af-south-1,AWS Key Management Service,https://aws.amazon.com/kms/
af-south-1,AWS Lake Formation,https://aws.amazon.com/lake-formation/
af-south-1,AWS Lambda,https://aws.amazon.com/lambda/
af-south-1,AWS Launch Wizard,https://aws.amazon.com/launchwizard/
af-south-1,AWS License Manager,https://aws.amazon.com/license-manager/
af-south-1,AWS Mainframe Modernization,https://aws.amazon.com/mainframe-modernization/
af-south-1,AWS Managed Services,https://aws.amazon.com/managed-services/
af-south-1,AWS Marketplace,https://aws.amazon.com/mp/
af-south-1,AWS Network Firewall,https://aws.amazon.com/network-firewall/
af-south-1,AWS Organizations,https://aws.amazon.com/organizations
af-south-1,AWS Outposts,https://aws.amazon.com/outposts/
af-south-1,AWS Private Certificate Authority,https://aws.amazon.com/private-ca/
af-south-1,AWS PrivateLink,https://aws.amazon.com/privatelink/
af-south-1,AWS Resilience Hub,https://aws.amazon.com/resilience-hub/
af-south-1,AWS Resource Access Manager (RAM),https://aws.amazon.com/ram/
af-south-1,AWS Resource Explorer,https://aws.amazon.com/resourceexplorer/
af-south-1,AWS Resource Groups,https://docs.aws.amazon.com/ARG/index.html
af-south-1,AWS Secrets Manager,https://aws.amazon.com/secrets-manager/
af-south-1,AWS Security Hub,https://aws.amazon.com/security-hub/
af-south-1,AWS Service Catalog,https://aws.amazon.com/servicecatalog/
af-south-1,AWS Shield,https://aws.amazon.com/shield/
af-south-1,AWS Signer,https://docs.aws.amazon.com/signer/latest/developerguide/Welcome.html
af-south-1,AWS Snowball,https://aws.amazon.com/snowball/
af-south-1,AWS Step Functions,https://aws.amazon.com/step-functions/details/
af-south-1,AWS Storage Gateway,https://aws.amazon.com/storagegateway/
af-south-1,AWS Systems Manager,https://aws.amazon.com/systems-manager/
af-south-1,AWS Transfer Family,https://aws.amazon.com/aws-transfer-family/
af-south-1,AWS Transit Gateway,https://aws.amazon.com/transit-gateway/
af-south-1,AWS Trusted Advisor,https://aws.amazon.com/premiumsupport/trustedadvisor/
af-south-1,AWS User Notifications,https://aws.amazon.com/notifications/
af-south-1,AWS VPN,https://aws.amazon.com/vpn/
af-south-1,AWS WAF,https://aws.amazon.com/waf/
af-south-1,AWS X-Ray,https://aws.amazon.com/xray/
af-south-1,Amazon API Gateway,https://aws.amazon.com/api-gateway/
af-south-1,Amazon AppFlow,https://aws.amazon.com/appflow/
af-south-1,Amazon Application Recovery Controller,https://aws.amazon.com/application-recovery-controller/
af-south-1,Amazon Athena,https://aws.amazon.com/athena/
af-south-1,Amazon Aurora,https://aws.amazon.com/rds/aurora/
af-south-1,Amazon Chime,https://chime.aws/
af-south-1,Amazon Chime SDK,https://aws.amazon.com/chime/chime-sdk/
af-south-1,Amazon CloudFront,https://aws.amazon.com/cloudfront/
af-south-1,Amazon CloudWatch,https://aws.amazon.com/cloudwatch/
af-south-1,Amazon CloudWatch Logs,https://aws.amazon.com/cloudwatch/
af-south-1,Amazon Cognito,https://aws.amazon.com/cognito/
af-south-1,Amazon Connect,https://aws.amazon.com/connect/
af-south-1,Amazon Data Firehose,https://aws.amazon.com/firehose/
af-south-1,Amazon Detective,https://aws.amazon.com/detective/
af-south-1,Amazon DocumentDB (with MongoDB compatibility),https://aws.amazon.com/documentdb/
af-south-1,Amazon DynamoDB,https://aws.amazon.com/dynamodb/
af-south-1,Amazon EC2 Auto Scaling,https://aws.amazon.com/ec2/autoscaling/
af-south-1,Amazon ElastiCache,https://aws.amazon.com/elasticache/
af-south-1,Amazon Elastic Block Store (EBS),https://aws.amazon.com/ebs/
af-south-1,Amazon Elastic Compute Cloud (EC2),https://aws.amazon.com/ec2/
af-south-1,Amazon Elastic Container Registry (ECR),https://aws.amazon.com/ecr/
af-south-1,Amazon Elastic Container Service (ECS),https://aws.amazon.com/ecs/
af-south-1,Amazon Elastic File System (EFS),https://aws.amazon.com/efs/
af-south-1,Amazon Elastic Kubernetes Service (EKS),https://aws.amazon.com/eks
af-south-1,Amazon Elastic MapReduce (EMR),https://aws.amazon.com/emr/
af-south-1,Amazon EventBridge,https://aws.amazon.com/eventbridge/
af-south-1,Amazon FSx,https://aws.amazon.com/fsx/
af-south-1,Amazon FSx for Lustre,https://aws.amazon.com/fsx/lustre/
af-south-1,Amazon FSx for NetApp ONTAP,https://aws.amazon.com/fsx/netapp-ontap
af-south-1,Amazon FSx for OpenZFS,https://aws.amazon.com/fsx/openzfs
af-south-1,Amazon FSx for Windows File Server,https://aws.amazon.com/fsx/windows/
af-south-1,Amazon GameLift,https://aws.amazon.com/gamelift/
af-south-1,Amazon GuardDuty,https://aws.amazon.com/guardduty/
af-south-1,Amazon Inspector,https://aws.amazon.com/inspector/
af-south-1,Amazon Kinesis Data Streams,https://aws.amazon.com/kinesis/streams/
af-south-1,Amazon Kinesis Video Streams,https://aws.amazon.com/kinesis/video-streams/
af-south-1,Amazon Lex,https://aws.amazon.com/lex/
af-south-1,Amazon MQ,https://aws.amazon.com/amazon-mq/
af-south-1,Amazon Macie,https://aws.amazon.com/macie/
af-south-1,Amazon Managed Service for Apache Flink,https://aws.amazon.com/managed-service-apache-flink/
af-south-1,Amazon Managed Streaming for Apache Kafka,https://aws.amazon.com/msk/
af-south-1,Amazon Managed Workflows for Apache Airflow,https://aws.amazon.com/managed-workflows-for-apache-airflow/
af-south-1,Amazon Neptune,https://aws.amazon.com/neptune/
af-south-1,Amazon OpenSearch Service,https://aws.amazon.com/opensearch-service/
af-south-1,Amazon Pinpoint and End User Messaging,https://aws.amazon.com/end-user-messaging/amazon-pinpoint-aws-end-user-messaging-landing-page/
af-south-1,Amazon Polly,https://aws.amazon.com/polly/
af-south-1,Amazon QuickSight,https://aws.amazon.com/quicksight/
af-south-1,Amazon Redshift,https://aws.amazon.com/redshift/
af-south-1,Amazon Relational Database Service (RDS),https://aws.amazon.com/rds/
af-south-1,Amazon Route 53,https://aws.amazon.com/route53/
af-south-1,Amazon SageMaker,https://aws.amazon.com/sagemaker/
af-south-1,Amazon Simple Email Service (SES),https://aws.amazon.com/ses/
af-south-1,Amazon Simple Notification Service (SNS),https://aws.amazon.com/sns/
af-south-1,Amazon Simple Queue Service (SQS),https://aws.amazon.com/sqs/
af-south-1,Amazon Simple Storage Service (S3),https://aws.amazon.com/s3/
af-south-1,Amazon Simple Workflow Service (SWF),https://aws.amazon.com/swf/
af-south-1,Amazon Transcribe,https://aws.amazon.com/transcribe/
af-south-1,Amazon VPC Lattice,https://aws.amazon.com/vpc/lattice/
af-south-1,Amazon Verified Permissions,https://aws.amazon.com/verified-permissions/
af-south-1,Amazon Virtual Private Cloud (VPC),https://aws.amazon.com/vpc/
af-south-1,Amazon WorkSpaces,https://aws.amazon.com/workspaces/
af-south-1,CloudEndure Disaster Recovery,https://aws.amazon.com/cloudendure-disaster-recovery/
af-south-1,CloudEndure Migration,https://aws.amazon.com/cloudendure-migration/
af-south-1,EC2 Image Builder,https://aws.amazon.com/image-builder/
af-south-1,Elastic Load Balancing,https://aws.amazon.com/elasticloadbalancing/
af-south-1,Red Hat OpenShift Service on AWS (ROSA),https://aws.amazon.com/rosa/
af-south-1,VMware Cloud on AWS,https://aws.amazon.com/vmware/
ap-east-1,AWS Amplify,https://aws.amazon.com/amplify/
ap-east-1,AWS App Mesh,https://aws.amazon.com/app-mesh/
ap-east-1,AWS AppSync,https://aws.amazon.com/appsync/
ap-east-1,AWS Application Migration Service (MGN),https://aws.amazon.com/application-migration-service/
ap-east-1,AWS Artifact,https://aws.amazon.com/artifact/
ap-east-1,AWS Auto Scaling,https://aws.amazon.com/autoscaling/
ap-east-1,AWS Backup,https://aws.amazon.com/backup/
ap-east-1,AWS Batch,https://aws.amazon.com/batch/
ap-east-1,AWS Certificate Manager,https://aws.amazon.com/certificate-manager/
ap-east-1,AWS Chatbot,https://aws.amazon.com/chatbot/
ap-east-1,AWS Cloud Control API,https://aws.amazon.com/cloudcontrolapi/
ap-east-1,AWS Cloud Map,https://aws.amazon.com/cloud-map/
ap-east-1,AWS Cloud9,https://aws.amazon.com/cloud9/
ap-east-1,AWS CloudFormation,https://aws.amazon.com/cloudformation/
ap-east-1,AWS CloudHSM,https://aws.amazon.com/cloudhsm/
ap-east-1,AWS CloudShell,https://aws.amazon.com/cloudshell/
ap-east-1,AWS CloudTrail,https://aws.amazon.com/cloudtrail/
ap-east-1,AWS CodeBuild,https://aws.amazon.com/codebuild/
ap-east-1,AWS CodeCommit,https://aws.amazon.com/codecommit/
ap-east-1,AWS CodeDeploy,https://aws.amazon.com/codedeploy/
ap-east-1,AWS CodePipeline,https://aws.amazon.com/codepipeline/
ap-east-1,AWS Compute Optimizer,https://aws.amazon.com/compute-optimizer/
ap-east-1,AWS Config,https://aws.amazon.com/config/
ap-east-1,AWS Control Tower,https://aws.amazon.com/controltower
ap-east-1,AWS DataSync,https://aws.amazon.com/datasync
ap-east-1,AWS Database Migration Service,https://aws.amazon.com/dms/
ap-east-1,AWS Direct Connect,https://aws.amazon.com/directconnect/
ap-east-1,AWS Directory Service,https://aws.amazon.com/directoryservice/
ap-east-1,AWS Elastic Beanstalk,https://aws.amazon.com/elasticbeanstalk/
ap-east-1,AWS Elastic Disaster Recovery (DRS),https://aws.amazon.com/disaster-recovery/
ap-east-1,AWS Elemental MediaConnect,https://aws.amazon.com/mediaconnect
ap-east-1,AWS Fargate,https://aws.amazon.com/fargate/
ap-east-1,AWS Fault Injection Service,https://aws.amazon.com/fis/
ap-east-1,AWS Firewall Manager,https://aws.amazon.com/firewall-manager/
ap-east-1,AWS Global Accelerator,https://aws.amazon.com/global-accelerator
ap-east-1,AWS Glue,https://aws.amazon.com/glue/
ap-east-1,AWS Health Dashboard,https://aws.amazon.com/premiumsupport/technology/aws-health-dashboard/
ap-east-1,AWS IAM Identity Center,https://aws.amazon.com/iam/identity-center/
ap-east-1,AWS IQ,https://aws.amazon.com/iq/
ap-east-1,AWS Identity and Access Management (IAM),https://aws.amazon.com/iam
ap-east-1,AWS IoT Core,https://aws.amazon.com/iot/
ap-east-1,AWS IoT Device Defender,https://aws.amazon.com/iot-device-defender/
ap-east-1,AWS IoT Device Management,https://aws.amazon.com/iot-device-management/
ap-east-1,AWS Key Management Service,https://aws.amazon.com/kms/
ap-east-1,AWS Lake Formation,https://aws.amazon.com/lake-formation/
ap-east-1,AWS Lambda,https://aws.amazon.com/lambda/
ap-east-1,AWS Launch Wizard,https://aws.amazon.com/launchwizard/
ap-east-1,AWS License Manager,https://aws.amazon.com/license-manager/
ap-east-1,AWS Managed Services,https://aws.amazon.com/managed-services/
ap-east-1,AWS Marketplace,https://aws.amazon.com/mp/
ap-east-1,AWS Network Firewall,https://aws.amazon.com/network-firewall/
ap-east-1,AWS Organizations,https://aws.amazon.com/organizations
ap-east-1,AWS Outposts,https://aws.amazon.com/outposts/
ap-east-1,AWS Private Certificate Authority,https://aws.amazon.com/private-ca/
ap-east-1,AWS PrivateLink,https://aws.amazon.com/privatelink/
ap-east-1,AWS Resilience Hub,https://aws.amazon.com/resilience-hub/
ap-east-1,AWS Resource Access Manager (RAM),https://aws.amazon.com/ram/
ap-east-1,AWS Resource Explorer,https://aws.amazon.com/resourceexplorer/
ap-east-1,AWS Resource Groups,https://docs.aws.amazon.com/ARG/index.html
ap-east-1,AWS Secrets Manager,https://aws.amazon.com/secrets-manager/
ap-east-1,AWS Security Hub,https://aws.amazon.com/security-hub/
ap-east-1,AWS Serverless Application Repository,https://aws.amazon.com/serverless/serverlessrepo/
ap-east-1,AWS Service Catalog,https://aws.amazon.com/servicecatalog/
ap-east-1,AWS Shield,https://aws.amazon.com/shield/
ap-east-1,AWS Signer,https://docs.aws.amazon.com/signer/latest/developerguide/Welcome.html
ap-east-1,AWS Snowball,https://aws.amazon.com/snowball/
ap-east-1,AWS Step Functions,https://aws.amazon.com/step-functions/details/
ap-east-1,AWS Storage Gateway,https://aws.amazon.com/storagegateway/
ap-east-1,AWS Support,https://aws.amazon.com/premiumsupport/
ap-east-1,AWS Systems Manager,https://aws.amazon.com/systems-manager/
ap-east-1,AWS Transfer Family,https://aws.amazon.com/aws-transfer-family/
ap-east-1,AWS Transit Gateway,https://aws.amazon.com/transit-gateway/
ap-east-1,AWS Trusted Advisor,https://aws.amazon.com/premiumsupport/trustedadvisor/
ap-east-1,AWS User Notifications,https://aws.amazon.com/notifications/
ap-east-1,AWS VPN,https://aws.amazon.com/vpn/
ap-east-1,AWS WAF,https://aws.amazon.com/waf/
ap-east-1,AWS Well-Architected Tool,https://aws.amazon.com/well-architected-tool
ap-east-1,AWS X-Ray,https://aws.amazon.com/xray/
ap-east-1,Amazon API Gateway,https://aws.amazon.com/api-gateway/
ap-east-1,Amazon Application Recovery Controller,https://aws.amazon.com/application-recovery-controller/
ap-east-1,Amazon Athena,https://aws.amazon.com/athena/
ap-east-1,Amazon Aurora,https://aws.amazon.com/rds/aurora/
ap-east-1,Amazon CloudFront,https://aws.amazon.com/cloudfront/
ap-east-1,Amazon CloudWatch,https://aws.amazon.com/cloudwatch/
ap-east-1,Amazon CloudWatch Logs,https://aws.amazon.com/cloudwatch/
ap-east-1,Amazon Cognito,https://aws.amazon.com/cognito/
ap-east-1,Amazon Data Firehose,https://aws.amazon.com/firehose/
ap-east-1,Amazon Detective,https://aws.amazon.com/detective/
ap-east-1,Amazon DocumentDB (with MongoDB compatibility),https://aws.amazon.com/documentdb/
ap-east-1,Amazon DynamoDB,https://aws.amazon.com/dynamodb/
ap-east-1,Amazon EC2 Auto Scaling,https://aws.amazon.com/ec2/autoscaling/
ap-east-1,Amazon ElastiCache,https://aws.amazon.com/elasticache/
ap-east-1,Amazon Elastic Block Store (EBS),https://aws.amazon.com/ebs/
ap-east-1,Amazon Elastic Compute Cloud (EC2),https://aws.amazon.com/ec2/
ap-east-1,Amazon Elastic Container Registry (ECR),https://aws.amazon.com/ecr/
ap-east-1,Amazon Elastic Container Service (ECS),https://aws.amazon.com/ecs/
ap-east-1,Amazon Elastic File System (EFS),https://aws.amazon.com/efs/
ap-east-1,Amazon Elastic Kubernetes Service (EKS),https://aws.amazon.com/eks
ap-east-1,Amazon Elastic MapReduce (EMR),https://aws.amazon.com/emr/
ap-east-1,Amazon EventBridge,https://aws.amazon.com/eventbridge/
ap-east-1,Amazon FSx,https://aws.amazon.com/fsx/
ap-east-1,Amazon FSx for Lustre,https://aws.amazon.com/fsx/lustre/
ap-east-1,Amazon FSx for NetApp ONTAP,https://aws.amazon.com/fsx/netapp-ontap
ap-east-1,Amazon FSx for OpenZFS,https://aws.amazon.com/fsx/openzfs
ap-east-1,Amazon FSx for Windows File Server,https://aws.amazon.com/fsx/windows/
ap-east-1,Amazon GameLift,https://aws.amazon.com/gamelift/
ap-east-1,Amazon GuardDuty,https://aws.amazon.com/guardduty/
ap-east-1,Amazon Inspector,https://aws.amazon.com/inspector/
ap-east-1,Amazon Keyspaces (for Apache Cassandra),https://aws.amazon.com/keyspaces/
ap-east-1,Amazon Kinesis Data Streams,https://aws.amazon.com/kinesis/streams/
ap-east-1,Amazon Kinesis Video Streams,https://aws.amazon.com/kinesis/video-streams/
ap-east-1,Amazon Lumberyard,https://aws.amazon.com/lumberyard/
ap-east-1,Amazon MQ,https://aws.amazon.com/amazon-mq/
ap-east-1,Amazon Macie,https://aws.amazon.com/macie/
ap-east-1,Amazon Managed Service for Apache Flink,https://aws.amazon.com/managed-service-apache-flink/
ap-east-1,Amazon Managed Streaming for Apache Kafka,https://aws.amazon.com/msk/
ap-east-1,Amazon Managed Workflows for Apache Airflow,https://aws.amazon.com/managed-workflows-for-apache-airflow/
ap-east-1,Amazon MemoryDB,https://aws.amazon.com/memorydb
ap-east-1,Amazon Neptune,https://aws.amazon.com/neptune/
ap-east-1,Amazon OpenSearch Service,https://aws.amazon.com/opensearch-service/
ap-east-1,Amazon Polly,https://aws.amazon.com/polly/
ap-east-1,Amazon Redshift,https://aws.amazon.com/redshift/
ap-east-1,Amazon Relational Database Service (RDS),https://aws.amazon.com/rds/
ap-east-1,Amazon Route 53,https://aws.amazon.com/route53/
ap-east-1,Amazon SageMaker,https://aws.amazon.com/sagemaker/
ap-east-1,Amazon Simple Notification Service (SNS),https://aws.amazon.com/sns/
ap-east-1,Amazon Simple Queue Service (SQS),https://aws.amazon.com/sqs/
ap-east-1,Amazon Simple Storage Service (S3),https://aws.amazon.com/s3/
ap-east-1,Amazon Simple Workflow Service (SWF),https://aws.amazon.com/swf/
ap-east-1,Amazon Transcribe,https://aws.amazon.com/transcribe/
ap-east-1,Amazon Translate,https://aws.amazon.com/translate/
ap-east-1,Amazon VPC Lattice,https://aws.amazon.com/vpc/lattice/
ap-east-1,Amazon Verified Permissions,https://aws.amazon.com/verified-permissions/
ap-east-1,Amazon Virtual Private Cloud (VPC),https://aws.amazon.com/vpc/
ap-east-1,CloudEndure Disaster Recovery,https://aws.amazon.com/cloudendure-disaster-recovery/
ap-east-1,CloudEndure Migration,https://aws.amazon.com/cloudendure-migration/
ap-east-1,EC2 Image Builder,https://aws.amazon.com/image-builder/
ap-east-1,Elastic Load Balancing,https://aws.amazon.com/elasticloadbalancing/
ap-east-1,FreeRTOS,https://aws.amazon.com/freertos/
ap-east-1,Red Hat OpenShift Service on AWS (ROSA),https://aws.amazon.com/rosa/
ap-east-1,VMware Cloud on AWS,https://aws.amazon.com/vmware/
ap-northeast-1,AWS Amplify,https://aws.amazon.com/amplify/
ap-northeast-1,AWS App Mesh,https://aws.amazon.com/app-mesh/
ap-northeast-1,AWS App Runner,https://aws.amazon.com/apprunner/
ap-northeast-1,AWS AppFabric,https://aws.amazon.com/appfabric/
ap-northeast-1,AWS AppSync,https://aws.amazon.com/appsync/
ap-northeast-1,AWS Application Discovery Service,https://aws.amazon.com/application-discovery/
ap-northeast-1,AWS Application Migration Service (MGN),https://aws.amazon.com/application-migration-service/
ap-northeast-1,AWS Artifact,https://aws.amazon.com/artifact/
ap-northeast-1,AWS Audit Manager,https://aws.amazon.com/audit-manager/
ap-northeast-1,AWS Auto Scaling,https://aws.amazon.com/autoscaling/
ap-northeast-1,AWS Backup,https://aws.amazon.com/backup/
ap-northeast-1,AWS Batch,https://aws.amazon.com/batch/
ap-northeast-1,AWS Budgets,https://aws.amazon.com/aws-cost-management/aws-budgets/
ap-northeast-1,AWS Certificate Manager,https://aws.amazon.com/certificate-manager/
ap-northeast-1,AWS Chatbot,https://aws.amazon.com/chatbot/
ap-northeast-1,AWS Clean Rooms,https://aws.amazon.com/clean-rooms/
ap-northeast-1,AWS Cloud Control API,https://aws.amazon.com/cloudcontrolapi/
ap-northeast-1,AWS Cloud Map,https://aws.amazon.com/cloud-map/
ap-northeast-1,AWS Cloud9,https://aws.amazon.com/cloud9/
ap-northeast-1,AWS CloudFormation,https://aws.amazon.com/cloudformation/
ap-northeast-1,AWS CloudHSM,https://aws.amazon.com/cloudhsm/
ap-northeast-1,AWS CloudShell,https://aws.amazon.com/cloudshell/
ap-northeast-1,AWS CloudTrail,https://aws.amazon.com/cloudtrail/
ap-northeast-1,AWS CodeArtifact,https://aws.amazon.com/codeartifact
ap-northeast-1,AWS CodeBuild,https://aws.amazon.com/codebuild/
ap-northeast-1,AWS CodeCommit,https://aws.amazon.com/codecommit/
ap-northeast-1,AWS CodeDeploy,https://aws.amazon.com/codedeploy/
ap-northeast-1,AWS CodePipeline,https://aws.amazon.com/codepipeline/
ap-northeast-1,AWS Compute Optimizer,https://aws.amazon.com/compute-optimizer/
ap-northeast-1,AWS Config,https://aws.amazon.com/config/
ap-northeast-1,AWS Control Tower,https://aws.amazon.com/controltower
ap-northeast-1,AWS Data Exchange,https://aws.amazon.com/data-exchange/
ap-northeast-1,AWS Data Pipeline,https://aws.amazon.com/datapipeline/
ap-northeast-1,AWS DataSync,https://aws.amazon.com/datasync
ap-northeast-1,AWS Database Migration Service,https://aws.amazon.com/dms/
ap-northeast-1,AWS Deadline Cloud,https://aws.amazon.com/deadline-cloud/
ap-northeast-1,AWS Direct Connect,https://aws.amazon.com/directconnect/
ap-northeast-1,AWS Directory Service,https://aws.amazon.com/directoryservice/
ap-northeast-1,AWS Elastic Beanstalk,https://aws.amazon.com/elasticbeanstalk/
ap-northeast-1,AWS Elastic Disaster Recovery (DRS),https://aws.amazon.com/disaster-recovery/
ap-northeast-1,AWS Elemental MediaConnect,https://aws.amazon.com/mediaconnect
ap-northeast-1,AWS Elemental MediaConvert,https://aws.amazon.com/mediaconvert/
ap-northeast-1,AWS Elemental MediaLive,https://aws.amazon.com/medialive/
ap-northeast-1,AWS Elemental MediaPackage,https://aws.amazon.com/mediapackage/
ap-northeast-1,AWS Elemental MediaStore,https://aws.amazon.com/mediastore/
ap-northeast-1,AWS Elemental MediaTailor,https://aws.amazon.com/mediatailor/
ap-northeast-1,AWS Entity Resolution,https://aws.amazon.com/entity-resolution
ap-northeast-1,AWS Fargate,https://aws.amazon.com/fargate/
ap-northeast-1,AWS Fault Injection Service,https://aws.amazon.com/fis/
ap-northeast-1,AWS Firewall Manager,https://aws.amazon.com/firewall-manager/
ap-northeast-1,AWS Global Accelerator,https://aws.amazon.com/global-accelerator
ap-northeast-1,AWS Glue,https://aws.amazon.com/glue/
ap-northeast-1,AWS Health Dashboard,https://aws.amazon.com/premiumsupport/technology/aws-health-dashboard/
ap-northeast-1,AWS IAM Identity Center,https://aws.amazon.com/iam/identity-center/
ap-northeast-1,AWS IQ,https://aws.amazon.com/iq/
ap-northeast-1,AWS Identity and Access Management (IAM),https://aws.amazon.com/iam
ap-northeast-1,AWS IoT 1-Click,https://aws.amazon.com/iot-1-click/
ap-northeast-1,AWS IoT Analytics,https://aws.amazon.com/iot-analytics/
ap-northeast-1,AWS IoT Core,https://aws.amazon.com/iot/
ap-northeast-1,AWS IoT Device Defender,https://aws.amazon.com/iot-device-defender/
ap-northeast-1,AWS IoT Device Management,https://aws.amazon.com/iot-device-management/
ap-northeast-1,AWS IoT Events,https://aws.amazon.com/iot-events/
ap-northeast-1,AWS IoT Greengrass,https://aws.amazon.com/greengrass/
ap-northeast-1,AWS IoT SiteWise,https://aws.amazon.com/iot-sitewise/
ap-northeast-1,AWS IoT TwinMaker,https://aws.amazon.com/iot-twinmaker/
ap-northeast-1,AWS Key Management Service,https://aws.amazon.com/kms/
ap-northeast-1,AWS Lake Formation,https://aws.amazon.com/lake-formation/
ap-northeast-1,AWS Lambda,https://aws.amazon.com/lambda/
ap-northeast-1,AWS Launch Wizard,https://aws.amazon.com/launchwizard/
ap-northeast-1,AWS License Manager,https://aws.amazon.com/license-manager/
ap-northeast-1,AWS Mainframe Modernization,https://aws.amazon.com/mainframe-modernization/
ap-northeast-1,AWS Managed Services,https://aws.amazon.com/managed-services/
ap-northeast-1,AWS Marketplace,https://aws.amazon.com/mp/
ap-northeast-1,AWS Migration Hub,https://aws.amazon.com/migration-hub/
ap-northeast-1,AWS Network Firewall,https://aws.amazon.com/network-firewall/
ap-northeast-1,AWS OpsWorks Stacks,https://aws.amazon.com/opsworks/stacks/
ap-northeast-1,AWS OpsWorks for Chef Automate,https://aws.amazon.com/opsworks/chefautomate/
ap-northeast-1,AWS OpsWorks for Puppet Enterprise,https://aws.amazon.com/opsworks/puppetenterprise/
ap-northeast-1,AWS Organizations,https://aws.amazon.com/organizations
ap-northeast-1,AWS Outposts,https://aws.amazon.com/outposts/
ap-northeast-1,AWS Payment Cryptography,https://aws.amazon.com/payment-cryptography/
ap-northeast-1,AWS Private Certificate Authority,https://aws.amazon.com/private-ca/
ap-northeast-1,AWS PrivateLink,https://aws.amazon.com/privatelink/
ap-northeast-1,AWS Proton,https://aws.amazon.com/proton/
ap-northeast-1,AWS Resilience Hub,https://aws.amazon.com/resilience-hub/
ap-northeast-1,AWS Resource Access Manager (RAM),https://aws.amazon.com/ram/
ap-northeast-1,AWS Resource Explorer,https://aws.amazon.com/resourceexplorer/
ap-northeast-1,AWS Resource Groups,https://docs.aws.amazon.com/ARG/index.html
ap-northeast-1,AWS RoboMaker,https://aws.amazon.com/robomaker/
ap-northeast-1,AWS Secrets Manager,https://aws.amazon.com/secrets-manager/
ap-northeast-1,AWS Security Hub,https://aws.amazon.com/security-hub/
ap-northeast-1,AWS Serverless Application Repository,https://aws.amazon.com/serverless/serverlessrepo/
ap-northeast-1,AWS Service Catalog,https://aws.amazon.com/servicecatalog/
ap-northeast-1,AWS Shield,https://aws.amazon.com/shield/
ap-northeast-1,AWS Signer,https://docs.aws.amazon.com/signer/latest/developerguide/Welcome.html
ap-northeast-1,AWS Snowball,https://aws.amazon.com/snowball/
ap-northeast-1,AWS Snowcone,https://aws.amazon.com/snowcone/
ap-northeast-1,AWS Step Functions,https://aws.amazon.com/step-functions/details/
ap-northeast-1,AWS Storage Gateway,https://aws.amazon.com/storagegateway/
ap-northeast-1,AWS Support,https://aws.amazon.com/premiumsupport/
ap-northeast-1,AWS Systems Manager,https://aws.amazon.com/systems-manager/
ap-northeast-1,AWS Transfer Family,https://aws.amazon.com/aws-transfer-family/
ap-northeast-1,AWS Transit Gateway,https://aws.amazon.com/transit-gateway/
ap-northeast-1,AWS Trusted Advisor,https://aws.amazon.com/premiumsupport/trustedadvisor/
ap-northeast-1,AWS User Notifications,https://aws.amazon.com/notifications/
ap-northeast-1,AWS VPN,https://aws.amazon.com/vpn/
ap-northeast-1,AWS Verified Access,https://aws.amazon.com/verified-access/
ap-northeast-1,AWS WAF,https://aws.amazon.com/waf/
ap-northeast-1,AWS Well-Architected Tool,https://aws.amazon.com/well-architected-tool
ap-northeast-1,AWS Wickr,https://aws.amazon.com/wickr/
ap-northeast-1,AWS X-Ray,https://aws.amazon.com/xray/
ap-northeast-1,Amazon API Gateway,https://aws.amazon.com/api-gateway/
ap-northeast-1,Amazon AppFlow,https://aws.amazon.com/appflow/
ap-northeast-1,Amazon AppStream 2.0,https://aws.amazon.com/appstream2/
ap-northeast-1,Amazon Application Recovery Controller,https://aws.amazon.com/application-recovery-controller/
ap-northeast-1,Amazon Athena,https://aws.amazon.com/athena/
ap-northeast-1,Amazon Augmented AI (A2I),https://aws.amazon.com/augmented-ai/
ap-northeast-1,Amazon Aurora,https://aws.amazon.com/rds/aurora/
ap-northeast-1,Amazon Bedrock,https://aws.amazon.com/bedrock/
ap-northeast-1,Amazon Chime,https://chime.aws/
ap-northeast-1,Amazon Chime SDK,https://aws.amazon.com/chime/chime-sdk/
ap-northeast-1,Amazon CloudFront,https://aws.amazon.com/cloudfront/
ap-northeast-1,Amazon CloudSearch,https://aws.amazon.com/cloudsearch/
ap-northeast-1,Amazon CloudWatch,https://aws.amazon.com/cloudwatch/
ap-northeast-1,Amazon CloudWatch Logs,https://aws.amazon.com/cloudwatch/
ap-northeast-1,Amazon CodeGuru,https://aws.amazon.com/codeguru/
ap-northeast-1,Amazon Cognito,https://aws.amazon.com/cognito/
ap-northeast-1,Amazon Comprehend,https://aws.amazon.com/comprehend/
ap-northeast-1,Amazon Connect,https://aws.amazon.com/connect/
ap-northeast-1,Amazon Data Firehose,https://aws.amazon.com/firehose/
ap-northeast-1,Amazon DataZone,https://aws.amazon.com/datazone/
ap-northeast-1,Amazon Detective,https://aws.amazon.com/detective/
ap-northeast-1,Amazon DevOps Guru,https://aws.amazon.com/devops-guru/
ap-northeast-1,Amazon DocumentDB (with MongoDB compatibility),https://aws.amazon.com/documentdb/
ap-northeast-1,Amazon DynamoDB,https://aws.amazon.com/dynamodb/
ap-northeast-1,Amazon DynamoDB Accelerator,https://aws.amazon.com/dynamodb/dax/
ap-northeast-1,Amazon EC2 Auto Scaling,https://aws.amazon.com/ec2/autoscaling/
ap-northeast-1,Amazon ElastiCache,https://aws.amazon.com/elasticache/
ap-northeast-1,Amazon Elastic Block Store (EBS),https://aws.amazon.com/ebs/
ap-northeast-1,Amazon Elastic Compute Cloud (EC2),https://aws.amazon.com/ec2/
ap-northeast-1,Amazon Elastic Container Registry (ECR),https://aws.amazon.com/ecr/
ap-northeast-1,Amazon Elastic Container Service (ECS),https://aws.amazon.com/ecs/
ap-northeast-1,Amazon Elastic File System (EFS),https://aws.amazon.com/efs/
ap-northeast-1,Amazon Elastic Inference,https://aws.amazon.com/elastic-inference/
ap-northeast-1,Amazon Elastic Kubernetes Service (EKS),https://aws.amazon.com/eks
ap-northeast-1,Amazon Elastic MapReduce (EMR),https://aws.amazon.com/emr/
ap-northeast-1,Amazon Elastic Transcoder,https://aws.amazon.com/elastictranscoder/
ap-northeast-1,Amazon EventBridge,https://aws.amazon.com/eventbridge/
ap-northeast-1,Amazon FSx,https://aws.amazon.com/fsx/
ap-northeast-1,Amazon FSx for Lustre,https://aws.amazon.com/fsx/lustre/
ap-northeast-1,Amazon FSx for NetApp ONTAP,https://aws.amazon.com/fsx/netapp-ontap
ap-northeast-1,Amazon FSx for OpenZFS,https://aws.amazon.com/fsx/openzfs
ap-northeast-1,Amazon FSx for Windows File Server,https://aws.amazon.com/fsx/windows/
ap-northeast-1,Amazon File Cache,https://aws.amazon.com/filecache/
ap-northeast-1,Amazon FinSpace,https://aws.amazon.com/finspace/
ap-northeast-1,Amazon Forecast,https://aws.amazon.com/forecast/
ap-northeast-1,Amazon GameLift,https://aws.amazon.com/gamelift/
ap-northeast-1,Amazon GuardDuty,https://aws.amazon.com/guardduty/
ap-northeast-1,Amazon IVS,https://aws.amazon.com/ivs/
ap-northeast-1,Amazon Inspector,https://aws.amazon.com/inspector/
ap-northeast-1,Amazon Inspector Classic,https://docs.aws.amazon.com/inspector/v1/userguide/inspector_introduction.html
ap-northeast-1,Amazon Kendra,https://aws.amazon.com/kendra/
ap-northeast-1,Amazon Keyspaces (for Apache Cassandra),https://aws.amazon.com/keyspaces/
ap-northeast-1,Amazon Kinesis Data Streams,https://aws.amazon.com/kinesis/streams/
ap-northeast-1,Amazon Kinesis Video Streams,https://aws.amazon.com/kinesis/video-streams/
ap-northeast-1,Amazon Lex,https://aws.amazon.com/lex/
ap-northeast-1,Amazon Lightsail,https://amazonlightsail.com/
ap-northeast-1,Amazon Location Service,https://aws.amazon.com/location
ap-northeast-1,Amazon Lookout for Metrics,https://aws.amazon.com/lookout-for-metrics/
ap-northeast-1,Amazon Lookout for Vision,https://aws.amazon.com/lookout-for-vision/
ap-northeast-1,Amazon Lumberyard,https://aws.amazon.com/lumberyard/
ap-northeast-1,Amazon MQ,https://aws.amazon.com/amazon-mq/
ap-northeast-1,Amazon Macie,https://aws.amazon.com/macie/
ap-northeast-1,Amazon Managed Blockchain,https://aws.amazon.com/managed-blockchain/
ap-northeast-1,Amazon Managed Grafana,https://aws.amazon.com/grafana/
ap-northeast-1,Amazon Managed Service for Apache Flink,https://aws.amazon.com/managed-service-apache-flink/
ap-northeast-1,Amazon Managed Service for Prometheus,https://aws.amazon.com/prometheus/
ap-northeast-1,Amazon Managed Streaming for Apache Kafka,https://aws.amazon.com/msk/
ap-northeast-1,Amazon Managed Workflows for Apache Airflow,https://aws.amazon.com/managed-workflows-for-apache-airflow/
ap-northeast-1,Amazon MemoryDB,https://aws.amazon.com/memorydb
ap-northeast-1,Amazon Neptune,https://aws.amazon.com/neptune/
ap-northeast-1,Amazon Nimble Studio,https://aws.amazon.com/nimble-studio/
ap-northeast-1,Amazon OpenSearch Service,https://aws.amazon.com/opensearch-service/
ap-northeast-1,Amazon Personalize,https://aws.amazon.com/personalize/
ap-northeast-1,Amazon Pinpoint and End User Messaging,https://aws.amazon.com/end-user-messaging/amazon-pinpoint-aws-end-user-messaging-landing-page/
ap-northeast-1,Amazon Polly,https://aws.amazon.com/polly/
ap-northeast-1,Amazon Quantum Ledger Database (QLDB),https://aws.amazon.com/qldb/
ap-northeast-1,Amazon QuickSight,https://aws.amazon.com/quicksight/
ap-northeast-1,Amazon Redshift,https://aws.amazon.com/redshift/
ap-northeast-1,Amazon Rekognition,https://aws.amazon.com/rekognition/
ap-northeast-1,Amazon Relational Database Service (RDS),https://aws.amazon.com/rds/
ap-northeast-1,Amazon Route 53,https://aws.amazon.com/route53/
ap-northeast-1,Amazon SageMaker,https://aws.amazon.com/sagemaker/
ap-northeast-1,Amazon Security Lake,https://aws.amazon.com/security-lake/
ap-northeast-1,Amazon Simple Email Service (SES),https://aws.amazon.com/ses/
ap-northeast-1,Amazon Simple Notification Service (SNS),https://aws.amazon.com/sns/
ap-northeast-1,Amazon Simple Queue Service (SQS),https://aws.amazon.com/sqs/
ap-northeast-1,Amazon Simple Storage Service (S3),https://aws.amazon.com/s3/
ap-northeast-1,Amazon Simple Workflow Service (SWF),https://aws.amazon.com/swf/
ap-northeast-1,Amazon SimpleDB,https://aws.amazon.com/simpledb/
ap-northeast-1,Amazon Timestream,https://aws.amazon.com/timestream
ap-northeast-1,Amazon Transcribe,https://aws.amazon.com/transcribe/
ap-northeast-1,Amazon Translate,https://aws.amazon.com/translate/
ap-northeast-1,Amazon VPC Lattice,https://aws.amazon.com/vpc/lattice/
ap-northeast-1,Amazon Verified Permissions,https://aws.amazon.com/verified-permissions/
ap-northeast-1,Amazon Virtual Private Cloud (VPC),https://aws.amazon.com/vpc/
ap-northeast-1,Amazon WorkDocs,https://aws.amazon.com/workdocs/
ap-northeast-1,Amazon WorkSpaces,https://aws.amazon.com/workspaces/
ap-northeast-1,Amazon WorkSpaces Secure Browser,https://aws.amazon.com/workspaces/secure-browser/
ap-northeast-1,CloudEndure Disaster Recovery,https://aws.amazon.com/cloudendure-disaster-recovery/
ap-northeast-1,CloudEndure Migration,https://aws.amazon.com/cloudendure-migration/
ap-northeast-1,EC2 Image Builder,https://aws.amazon.com/image-builder/
ap-northeast-1,Elastic Load Balancing,https://aws.amazon.com/elasticloadbalancing/
ap-northeast-1,FreeRTOS,https://aws.amazon.com/freertos/
ap-northeast-1,Red Hat OpenShift Service on AWS (ROSA),https://aws.amazon.com/rosa/
ap-northeast-1,VMware Cloud on AWS,https://aws.amazon.com/vmware/
ap-northeast-2,AWS Amplify,https://aws.amazon.com/amplify/
ap-northeast-2,AWS App Mesh,https://aws.amazon.com/app-mesh/
ap-northeast-2,AWS AppSync,https://aws.amazon.com/appsync/
ap-northeast-2,AWS Application Migration Service (MGN),https://aws.amazon.com/application-migration-service/
ap-northeast-2,AWS Artifact,https://aws.amazon.com/artifact/
ap-northeast-2,AWS Auto Scaling,https://aws.amazon.com/autoscaling/
ap-northeast-2,AWS Backup,https://aws.amazon.com/backup/
ap-northeast-2,AWS Batch,https://aws.amazon.com/batch/
ap-northeast-2,AWS Budgets,https://aws.amazon.com/aws-cost-management/aws-budgets/
ap-northeast-2,AWS Certificate Manager,https://aws.amazon.com/certificate-manager/
ap-northeast-2,AWS Chatbot,https://aws.amazon.com/chatbot/
ap-northeast-2,AWS Clean Rooms,https://aws.amazon.com/clean-rooms/
ap-northeast-2,AWS Cloud Control API,https://aws.amazon.com/cloudcontrolapi/
ap-northeast-2,AWS Cloud Map,https://aws.amazon.com/cloud-map/
ap-northeast-2,AWS Cloud9,https://aws.amazon.com/cloud9/
ap-northeast-2,AWS CloudFormation,https://aws.amazon.com/cloudformation/
ap-northeast-2,AWS CloudHSM,https://aws.amazon.com/cloudhsm/
ap-northeast-2,AWS CloudShell,https://aws.amazon.com/cloudshell/
ap-northeast-2,AWS CloudTrail,https://aws.amazon.com/cloudtrail/
ap-northeast-2,AWS CodeBuild,https://aws.amazon.com/codebuild/
ap-northeast-2,AWS CodeCommit,https://aws.amazon.com/codecommit/
ap-northeast-2,AWS CodeDeploy,https://aws.amazon.com/codedeploy/
ap-northeast-2,AWS CodePipeline,https://aws.amazon.com/codepipeline/
ap-northeast-2,AWS Compute Optimizer,https://aws.amazon.com/compute-optimizer/
ap-northeast-2,AWS Config,https://aws.amazon.com/config/
ap-northeast-2,AWS Control Tower,https://aws.amazon.com/controltower
ap-northeast-2,AWS Data Exchange,https://aws.amazon.com/data-exchange/
ap-northeast-2,AWS DataSync,https://aws.amazon.com/datasync
ap-northeast-2,AWS Database Migration Service,https://aws.amazon.com/dms/
ap-northeast-2,AWS Direct Connect,https://aws.amazon.com/directconnect/
ap-northeast-2,AWS Directory Service,https://aws.amazon.com/directoryservice/
ap-northeast-2,AWS Elastic Beanstalk,https://aws.amazon.com/elasticbeanstalk/
ap-northeast-2,AWS Elastic Disaster Recovery (DRS),https://aws.amazon.com/disaster-recovery/
ap-northeast-2,AWS Elemental MediaConnect,https://aws.amazon.com/mediaconnect
ap-northeast-2,AWS Elemental MediaConvert,https://aws.amazon.com/mediaconvert/
ap-northeast-2,AWS Elemental MediaLive,https://aws.amazon.com/medialive/
ap-northeast-2,AWS Elemental MediaPackage,https://aws.amazon.com/mediapackage/
ap-northeast-2,AWS Elemental MediaStore,https://aws.amazon.com/mediastore/
ap-northeast-2,AWS Elemental MediaTailor,https://aws.amazon.com/mediatailor/
ap-northeast-2,AWS Entity Resolution,https://aws.amazon.com/entity-resolution
ap-northeast-2,AWS Fargate,https://aws.amazon.com/fargate/
ap-northeast-2,AWS Fault Injection Service,https://aws.amazon.com/fis/
ap-northeast-2,AWS Firewall Manager,https://aws.amazon.com/firewall-manager/
ap-northeast-2,AWS Global Accelerator,https://aws.amazon.com/global-accelerator
ap-northeast-2,AWS Glue,https://aws.amazon.com/glue/
ap-northeast-2,AWS Ground Station,https://aws.amazon.com/ground-station/
ap-northeast-2,AWS Health Dashboard,https://aws.amazon.com/premiumsupport/technology/aws-health-dashboard/
ap-northeast-2,AWS IAM Identity Center,https://aws.amazon.com/iam/identity-center/
ap-northeast-2,AWS IQ,https://aws.amazon.com/iq/
ap-northeast-2,AWS Identity and Access Management (IAM),https://aws.amazon.com/iam
ap-northeast-2,AWS IoT Core,https://aws.amazon.com/iot/
ap-northeast-2,AWS IoT Device Defender,https://aws.amazon.com/iot-device-defender/
ap-northeast-2,AWS IoT Device Management,https://aws.amazon.com/iot-device-management/
ap-northeast-2,AWS IoT Events,https://aws.amazon.com/iot-events/
ap-northeast-2,AWS IoT Greengrass,https://aws.amazon.com/greengrass/
ap-northeast-2,AWS IoT SiteWise,https://aws.amazon.com/iot-sitewise/
ap-northeast-2,AWS IoT TwinMaker,https://aws.amazon.com/iot-twinmaker/
ap-northeast-2,AWS Key Management Service,https://aws.amazon.com/kms/
ap-northeast-2,AWS Lake Formation,https://aws.amazon.com/lake-formation/
ap-northeast-2,AWS Lambda,https://aws.amazon.com/lambda/
ap-northeast-2,AWS Launch Wizard,https://aws.amazon.com/launchwizard/
ap-northeast-2,AWS License Manager,https://aws.amazon.com/license-manager/
ap-northeast-2,AWS Mainframe Modernization,https://aws.amazon.com/mainframe-modernization/
ap-northeast-2,AWS Managed Services,https://aws.amazon.com/managed-services/
ap-northeast-2,AWS Marketplace,https://aws.amazon.com/mp/
ap-northeast-2,AWS Network Firewall,https://aws.amazon.com/network-firewall/
ap-northeast-2,AWS OpsWorks Stacks,https://aws.amazon.com/opsworks/stacks/
ap-northeast-2,AWS Organizations,https://aws.amazon.com/organizations
ap-northeast-2,AWS Outposts,https://aws.amazon.com/outposts/
ap-northeast-2,AWS Private Certificate Authority,https://aws.amazon.com/private-ca/
ap-northeast-2,AWS PrivateLink,https://aws.amazon.com/privatelink/
ap-northeast-2,AWS Proton,https://aws.amazon.com/proton/
ap-northeast-2,AWS Resilience Hub,https://aws.amazon.com/resilience-hub/
ap-northeast-2,AWS Resource Access Manager (RAM),https://aws.amazon.com/ram/
ap-northeast-2,AWS Resource Explorer,https://aws.amazon.com/resourceexplorer/
ap-northeast-2,AWS Resource Groups,https://docs.aws.amazon.com/ARG/index.html
ap-northeast-2,AWS Secrets Manager,https://aws.amazon.com/secrets-manager/
ap-northeast-2,AWS Security Hub,https://aws.amazon.com/security-hub/
ap-northeast-2,AWS Serverless Application Repository,https://aws.amazon.com/serverless/serverlessrepo/
ap-northeast-2,AWS Service Catalog,https://aws.amazon.com/servicecatalog/
ap-northeast-2,AWS Shield,https://aws.amazon.com/shield/
ap-northeast-2,AWS Signer,https://docs.aws.amazon.com/signer/latest/developerguide/Welcome.html
ap-northeast-2,AWS Snowball,https://aws.amazon.com/snowball/
ap-northeast-2,AWS Step Functions,https://aws.amazon.com/step-functions/details/
ap-northeast-2,AWS Storage Gateway,https://aws.amazon.com/storagegateway/
ap-northeast-2,AWS Support,https://aws.amazon.com/premiumsupport/
ap-northeast-2,AWS Systems Manager,https://aws.amazon.com/systems-manager/
ap-northeast-2,AWS Telco Network Builder,https://aws.amazon.com/tnb/
ap-northeast-2,AWS Transfer Family,https://aws.amazon.com/aws-transfer-family/
ap-northeast-2,AWS Transit Gateway,https://aws.amazon.com/transit-gateway/
ap-northeast-2,AWS Trusted Advisor,https://aws.amazon.com/premiumsupport/trustedadvisor/
ap-northeast-2,AWS User Notifications,https://aws.amazon.com/notifications/
ap-northeast-2,AWS VPN,https://aws.amazon.com/vpn/
ap-northeast-2,AWS Verified Access,https://aws.amazon.com/verified-access/
ap-northeast-2,AWS WAF,https://aws.amazon.com/waf/
ap-northeast-2,AWS Well-Architected Tool,https://aws.amazon.com/well-architected-tool
ap-northeast-2,AWS X-Ray,https://aws.amazon.com/xray/
ap-northeast-2,Amazon API Gateway,https://aws.amazon.com/api-gateway/
ap-northeast-2,Amazon AppFlow,https://aws.amazon.com/appflow/
ap-northeast-2,Amazon AppStream 2.0,https://aws.amazon.com/appstream2/
ap-northeast-2,Amazon Application Recovery Controller,https://aws.amazon.com/application-recovery-controller/
ap-northeast-2,Amazon Athena,https://aws.amazon.com/athena/
ap-northeast-2,Amazon Augmented AI (A2I),https://aws.amazon.com/augmented-ai/
ap-northeast-2,Amazon Aurora,https://aws.amazon.com/rds/aurora/
ap-northeast-2,Amazon Bedrock,https://aws.amazon.com/bedrock/
ap-northeast-2,Amazon Chime,https://chime.aws/
ap-northeast-2,Amazon Chime SDK,https://aws.amazon.com/chime/chime-sdk/
ap-northeast-2,Amazon CloudFront,https://aws.amazon.com/cloudfront/
ap-northeast-2,Amazon CloudSearch,https://aws.amazon.com/cloudsearch/
ap-northeast-2,Amazon CloudWatch,https://aws.amazon.com/cloudwatch/
ap-northeast-2,Amazon CloudWatch Logs,https://aws.amazon.com/cloudwatch/
ap-northeast-2,Amazon Cognito,https://aws.amazon.com/cognito/
ap-northeast-2,Amazon Comprehend,https://aws.amazon.com/comprehend/
ap-northeast-2,Amazon Connect,https://aws.amazon.com/connect/
ap-northeast-2,Amazon Data Firehose,https://aws.amazon.com/firehose/
ap-northeast-2,Amazon DataZone,https://aws.amazon.com/datazone/
ap-northeast-2,Amazon Detective,https://aws.amazon.com/detective/
ap-northeast-2,Amazon DevOps Guru,https://aws.amazon.com/devops-guru/
ap-northeast-2,Amazon DocumentDB (with MongoDB compatibility),https://aws.amazon.com/documentdb/
ap-northeast-2,Amazon DynamoDB,https://aws.amazon.com/dynamodb/
ap-northeast-2,Amazon EC2 Auto Scaling,https://aws.amazon.com/ec2/autoscaling/
ap-northeast-2,Amazon ElastiCache,https://aws.amazon.com/elasticache/
ap-northeast-2,Amazon Elastic Block Store (EBS),https://aws.amazon.com/ebs/
ap-northeast-2,Amazon Elastic Compute Cloud (EC2),https://aws.amazon.com/ec2/
ap-northeast-2,Amazon Elastic Container Registry (ECR),https://aws.amazon.com/ecr/
ap-northeast-2,Amazon Elastic Container Service (ECS),https://aws.amazon.com/ecs/
ap-northeast-2,Amazon Elastic File System (EFS),https://aws.amazon.com/efs/
ap-northeast-2,Amazon Elastic Inference,https://aws.amazon.com/elastic-inference/
ap-northeast-2,Amazon Elastic Kubernetes Service (EKS),https://aws.amazon.com/eks
ap-northeast-2,Amazon Elastic MapReduce (EMR),https://aws.amazon.com/emr/
ap-northeast-2,Amazon EventBridge,https://aws.amazon.com/eventbridge/
ap-northeast-2,Amazon FSx,https://aws.amazon.com/fsx/
ap-northeast-2,Amazon FSx for Lustre,https://aws.amazon.com/fsx/lustre/
ap-northeast-2,Amazon FSx for NetApp ONTAP,https://aws.amazon.com/fsx/netapp-ontap
ap-northeast-2,Amazon FSx for OpenZFS,https://aws.amazon.com/fsx/openzfs
ap-northeast-2,Amazon FSx for Windows File Server,https://aws.amazon.com/fsx/windows/
ap-northeast-2,Amazon Forecast,https://aws.amazon.com/forecast/
ap-northeast-2,Amazon GameLift,https://aws.amazon.com/gamelift/
ap-northeast-2,Amazon GuardDuty,https://aws.amazon.com/guardduty/
ap-northeast-2,Amazon IVS,https://aws.amazon.com/ivs/
ap-northeast-2,Amazon Inspector,https://aws.amazon.com/inspector/
ap-northeast-2,Amazon Inspector Classic,https://docs.aws.amazon.com/inspector/v1/userguide/inspector_introduction.html
ap-northeast-2,Amazon Keyspaces (for Apache Cassandra),https://aws.amazon.com/keyspaces/
ap-northeast-2,Amazon Kinesis Data Streams,https://aws.amazon.com/kinesis/streams/
ap-northeast-2,Amazon Kinesis Video Streams,https://aws.amazon.com/kinesis/video-streams/
ap-northeast-2,Amazon Lex,https://aws.amazon.com/lex/
ap-northeast-2,Amazon Lightsail,https://amazonlightsail.com/
ap-northeast-2,Amazon Lookout for Vision,https://aws.amazon.com/lookout-for-vision/
ap-northeast-2,Amazon Lumberyard,https://aws.amazon.com/lumberyard/
ap-northeast-2,Amazon MQ,https://aws.amazon.com/amazon-mq/
ap-northeast-2,Amazon Macie,https://aws.amazon.com/macie/
ap-northeast-2,Amazon Managed Blockchain,https://aws.amazon.com/managed-blockchain/
ap-northeast-2,Amazon Managed Grafana,https://aws.amazon.com/grafana/
ap-northeast-2,Amazon Managed Service for Apache Flink,https://aws.amazon.com/managed-service-apache-flink/
ap-northeast-2,Amazon Managed Service for Prometheus,https://aws.amazon.com/prometheus/
ap-northeast-2,Amazon Managed Streaming for Apache Kafka,https://aws.amazon.com/msk/
ap-northeast-2,Amazon Managed Workflows for Apache Airflow,https://aws.amazon.com/managed-workflows-for-apache-airflow/
ap-northeast-2,Amazon MemoryDB,https://aws.amazon.com/memorydb
ap-northeast-2,Amazon Neptune,https://aws.amazon.com/neptune/
ap-northeast-2,Amazon OpenSearch Service,https://aws.amazon.com/opensearch-service/
ap-northeast-2,Amazon Personalize,https://aws.amazon.com/personalize/
ap-northeast-2,Amazon Pinpoint and End User Messaging,https://aws.amazon.com/end-user-messaging/amazon-pinpoint-aws-end-user-messaging-landing-page/
ap-northeast-2,Amazon Polly,https://aws.amazon.com/polly/
ap-northeast-2,Amazon Quantum Ledger Database (QLDB),https://aws.amazon.com/qldb/
ap-northeast-2,Amazon QuickSight,https://aws.amazon.com/quicksight/
ap-northeast-2,Amazon Redshift,https://aws.amazon.com/redshift/
ap-northeast-2,Amazon Rekognition,https://aws.amazon.com/rekognition/
ap-northeast-2,Amazon Relational Database Service (RDS),https://aws.amazon.com/rds/
ap-northeast-2,Amazon Route 53,https://aws.amazon.com/route53/
ap-northeast-2,Amazon SageMaker,https://aws.amazon.com/sagemaker/
ap-northeast-2,Amazon Security Lake,https://aws.amazon.com/security-lake/
ap-northeast-2,Amazon Simple Email Service (SES),https://aws.amazon.com/ses/
ap-northeast-2,Amazon Simple Notification Service (SNS),https://aws.amazon.com/sns/
ap-northeast-2,Amazon Simple Queue Service (SQS),https://aws.amazon.com/sqs/
ap-northeast-2,Amazon Simple Storage Service (S3),https://aws.amazon.com/s3/
ap-northeast-2,Amazon Simple Workflow Service (SWF),https://aws.amazon.com/swf/
ap-northeast-2,Amazon Textract,https://aws.amazon.com/textract
ap-northeast-2,Amazon Transcribe,https://aws.amazon.com/transcribe/
ap-northeast-2,Amazon Translate,https://aws.amazon.com/translate/
ap-northeast-2,Amazon VPC Lattice,https://aws.amazon.com/vpc/lattice/
ap-northeast-2,Amazon Verified Permissions,https://aws.amazon.com/verified-permissions/
ap-northeast-2,Amazon Virtual Private Cloud (VPC),https://aws.amazon.com/vpc/
ap-northeast-2,Amazon WorkSpaces,https://aws.amazon.com/workspaces/
ap-northeast-2,CloudEndure Disaster Recovery,https://aws.amazon.com/cloudendure-disaster-recovery/
ap-northeast-2,CloudEndure Migration,https://aws.amazon.com/cloudendure-migration/
ap-northeast-2,EC2 Image Builder,https://aws.amazon.com/image-builder/
ap-northeast-2,Elastic Load Balancing,https://aws.amazon.com/elasticloadbalancing/
ap-northeast-2,FreeRTOS,https://aws.amazon.com/freertos/
ap-northeast-2,Red Hat OpenShift Service on AWS (ROSA),https://aws.amazon.com/rosa/
ap-northeast-2,VMware Cloud on AWS,https://aws.amazon.com/vmware/
ap-northeast-3,AWS Amplify,https://aws.amazon.com/amplify/
ap-northeast-3,AWS App Mesh,https://aws.amazon.com/app-mesh/
ap-northeast-3,AWS AppSync,https://aws.amazon.com/appsync/
ap-northeast-3,AWS Application Migration Service (MGN),https://aws.amazon.com/application-migration-service/
ap-northeast-3,AWS Artifact,https://aws.amazon.com/artifact/
ap-northeast-3,AWS Auto Scaling,https://aws.amazon.com/autoscaling/
ap-northeast-3,AWS Backup,https://aws.amazon.com/backup/
ap-northeast-3,AWS Batch,https://aws.amazon.com/batch/
ap-northeast-3,AWS Certificate Manager,https://aws.amazon.com/certificate-manager/
ap-northeast-3,AWS Chatbot,https://aws.amazon.com/chatbot/
ap-northeast-3,AWS Cloud Control API,https://aws.amazon.com/cloudcontrolapi/
ap-northeast-3,AWS Cloud Map,https://aws.amazon.com/cloud-map/
ap-northeast-3,AWS Cloud9,https://aws.amazon.com/cloud9/
ap-northeast-3,AWS CloudFormation,https://aws.amazon.com/cloudformation/
ap-northeast-3,AWS CloudHSM,https://aws.amazon.com/cloudhsm/
ap-northeast-3,AWS CloudShell,https://aws.amazon.com/cloudshell/
ap-northeast-3,AWS CloudTrail,https://aws.amazon.com/cloudtrail/
ap-northeast-3,AWS CodeBuild,https://aws.amazon.com/codebuild/
ap-northeast-3,AWS CodeCommit,https://aws.amazon.com/codecommit/
ap-northeast-3,AWS CodeDeploy,https://aws.amazon.com/codedeploy/
ap-northeast-3,AWS CodePipeline,https://aws.amazon.com/codepipeline/
ap-northeast-3,AWS Compute Optimizer,https://aws.amazon.com/compute-optimizer/
ap-northeast-3,AWS Config,https://aws.amazon.com/config/
ap-northeast-3,AWS Control Tower,https://aws.amazon.com/controltower
ap-northeast-3,AWS DataSync,https://aws.amazon.com/datasync
ap-northeast-3,AWS Database Migration Service,https://aws.amazon.com/dms/
ap-northeast-3,AWS Direct Connect,https://aws.amazon.com/directconnect/
ap-northeast-3,AWS Directory Service,https://aws.amazon.com/directoryservice/
ap-northeast-3,AWS Elastic Beanstalk,https://aws.amazon.com/elasticbeanstalk/
ap-northeast-3,AWS Elastic Disaster Recovery (DRS),https://aws.amazon.com/disaster-recovery/
ap-northeast-3,AWS Elemental MediaConnect,https://aws.amazon.com/mediaconnect
ap-northeast-3,AWS Elemental MediaConvert,https://aws.amazon.com/mediaconvert/
ap-northeast-3,AWS Elemental MediaLive,https://aws.amazon.com/medialive/
ap-northeast-3,AWS Elemental MediaPackage,https://aws.amazon.com/mediapackage/
ap-northeast-3,AWS Elemental MediaTailor,https://aws.amazon.com/mediatailor/
ap-northeast-3,AWS Fargate,https://aws.amazon.com/fargate/
ap-northeast-3,AWS Firewall Manager,https://aws.amazon.com/firewall-manager/
ap-northeast-3,AWS Global Accelerator,https://aws.amazon.com/global-accelerator
ap-northeast-3,AWS Glue,https://aws.amazon.com/glue/
ap-northeast-3,AWS Health Dashboard,https://aws.amazon.com/premiumsupport/technology/aws-health-dashboard/
ap-northeast-3,AWS IAM Identity Center,https://aws.amazon.com/iam/identity-center/
ap-northeast-3,AWS IQ,https://aws.amazon.com/iq/
ap-northeast-3,AWS Identity and Access Management (IAM),https://aws.amazon.com/iam
ap-northeast-3,AWS Key Management Service,https://aws.amazon.com/kms/
ap-northeast-3,AWS Lake Formation,https://aws.amazon.com/lake-formation/
ap-northeast-3,AWS Lambda,https://aws.amazon.com/lambda/
ap-northeast-3,AWS Launch Wizard,https://aws.amazon.com/launchwizard/
ap-northeast-3,AWS License Manager,https://aws.amazon.com/license-manager/
ap-northeast-3,AWS Mainframe Modernization,https://aws.amazon.com/mainframe-modernization/
ap-northeast-3,AWS Marketplace,https://aws.amazon.com/mp/
ap-northeast-3,AWS Network Firewall,https://aws.amazon.com/network-firewall/
ap-northeast-3,AWS Organizations,https://aws.amazon.com/organizations
ap-northeast-3,AWS Outposts,https://aws.amazon.com/outposts/
ap-northeast-3,AWS Private Certificate Authority,https://aws.amazon.com/private-ca/
ap-northeast-3,AWS PrivateLink,https://aws.amazon.com/privatelink/
ap-northeast-3,AWS Resource Access Manager (RAM),https://aws.amazon.com/ram/
ap-northeast-3,AWS Resource Explorer,https://aws.amazon.com/resourceexplorer/
ap-northeast-3,AWS Resource Groups,https://docs.aws.amazon.com/ARG/index.html
ap-northeast-3,AWS Secrets Manager,https://aws.amazon.com/secrets-manager/
ap-northeast-3,AWS Security Hub,https://aws.amazon.com/security-hub/
ap-northeast-3,AWS Service Catalog,https://aws.amazon.com/servicecatalog/
ap-northeast-3,AWS Shield,https://aws.amazon.com/shield/
ap-northeast-3,AWS Snowball,https://aws.amazon.com/snowball/
ap-northeast-3,AWS Step Functions,https://aws.amazon.com/step-functions/details/
ap-northeast-3,AWS Storage Gateway,https://aws.amazon.com/storagegateway/
ap-northeast-3,AWS Support,https://aws.amazon.com/premiumsupport/
ap-northeast-3,AWS Systems Manager,https://aws.amazon.com/systems-manager/
ap-northeast-3,AWS Transfer Family,https://aws.amazon.com/aws-transfer-family/
ap-northeast-3,AWS Transit Gateway,https://aws.amazon.com/transit-gateway/
ap-northeast-3,AWS Trusted Advisor,https://aws.amazon.com/premiumsupport/trustedadvisor/
ap-northeast-3,AWS User Notifications,https://aws.amazon.com/notifications/
ap-northeast-3,AWS VPN,https://aws.amazon.com/vpn/
ap-northeast-3,AWS WAF,https://aws.amazon.com/waf/
ap-northeast-3,AWS X-Ray,https://aws.amazon.com/xray/
ap-northeast-3,Amazon API Gateway,https://aws.amazon.com/api-gateway/
ap-northeast-3,Amazon Application Recovery Controller,https://aws.amazon.com/application-recovery-controller/
ap-northeast-3,Amazon Athena,https://aws.amazon.com/athena/
ap-northeast-3,Amazon Aurora,https://aws.amazon.com/rds/aurora/
ap-northeast-3,Amazon CloudFront,https://aws.amazon.com/cloudfront/
ap-northeast-3,Amazon CloudWatch,https://aws.amazon.com/cloudwatch/
ap-northeast-3,Amazon CloudWatch Logs,https://aws.amazon.com/cloudwatch/
ap-northeast-3,Amazon Cognito,https://aws.amazon.com/cognito/
ap-northeast-3,Amazon Data Firehose,https://aws.amazon.com/firehose/
ap-northeast-3,Amazon DynamoDB,https://aws.amazon.com/dynamodb/
ap-northeast-3,Amazon EC2 Auto Scaling,https://aws.amazon.com/ec2/autoscaling/
ap-northeast-3,Amazon ElastiCache,https://aws.amazon.com/elasticache/
ap-northeast-3,Amazon Elastic Block Store (EBS),https://aws.amazon.com/ebs/
ap-northeast-3,Amazon Elastic Compute Cloud (EC2),https://aws.amazon.com/ec2/
ap-northeast-3,Amazon Elastic Container Registry (ECR),https://aws.amazon.com/ecr/
ap-northeast-3,Amazon Elastic Container Service (ECS),https://aws.amazon.com/ecs/
ap-northeast-3,Amazon Elastic File System (EFS),https://aws.amazon.com/efs/
ap-northeast-3,Amazon Elastic Kubernetes Service (EKS),https://aws.amazon.com/eks
ap-northeast-3,Amazon Elastic MapReduce (EMR),https://aws.amazon.com/emr/
ap-northeast-3,Amazon EventBridge,https://aws.amazon.com/eventbridge/
ap-northeast-3,Amazon FSx,https://aws.amazon.com/fsx/
ap-northeast-3,Amazon FSx for Lustre,https://aws.amazon.com/fsx/lustre/
ap-northeast-3,Amazon FSx for NetApp ONTAP,https://aws.amazon.com/fsx/netapp-ontap
ap-northeast-3,Amazon FSx for OpenZFS,https://aws.amazon.com/fsx/openzfs
ap-northeast-3,Amazon FSx for Windows File Server,https://aws.amazon.com/fsx/windows/
ap-northeast-3,Amazon GameLift,https://aws.amazon.com/gamelift/
ap-northeast-3,Amazon GuardDuty,https://aws.amazon.com/guardduty/
ap-northeast-3,Amazon Inspector,https://aws.amazon.com/inspector/
ap-northeast-3,Amazon Kinesis Data Streams,https://aws.amazon.com/kinesis/streams/
ap-northeast-3,Amazon MQ,https://aws.amazon.com/amazon-mq/
ap-northeast-3,Amazon Macie,https://aws.amazon.com/macie/
ap-northeast-3,Amazon Managed Service for Apache Flink,https://aws.amazon.com/managed-service-apache-flink/
ap-northeast-3,Amazon Managed Streaming for Apache Kafka,https://aws.amazon.com/msk/
ap-northeast-3,Amazon Managed Workflows for Apache Airflow,https://aws.amazon.com/managed-workflows-for-apache-airflow/
ap-northeast-3,Amazon Neptune,https://aws.amazon.com/neptune/
ap-northeast-3,Amazon OpenSearch Service,https://aws.amazon.com/opensearch-service/
ap-northeast-3,Amazon Pinpoint and End User Messaging,https://aws.amazon.com/end-user-messaging/amazon-pinpoint-aws-end-user-messaging-landing-page/
ap-northeast-3,Amazon Polly,https://aws.amazon.com/polly/
ap-northeast-3,Amazon Redshift,https://aws.amazon.com/redshift/
ap-northeast-3,Amazon Relational Database Service (RDS),https://aws.amazon.com/rds/
ap-northeast-3,Amazon Route 53,https://aws.amazon.com/route53/
ap-northeast-3,Amazon SageMaker,https://aws.amazon.com/sagemaker/
ap-northeast-3,Amazon Security Lake,https://aws.amazon.com/security-lake/
ap-northeast-3,Amazon Simple Email Service (SES),https://aws.amazon.com/ses/
ap-northeast-3,Amazon Simple Notification Service (SNS),https://aws.amazon.com/sns/
ap-northeast-3,Amazon Simple Queue Service (SQS),https://aws.amazon.com/sqs/
ap-northeast-3,Amazon Simple Storage Service (S3),https://aws.amazon.com/s3/
ap-northeast-3,Amazon Simple Workflow Service (SWF),https://aws.amazon.com/swf/
ap-northeast-3,Amazon VPC Lattice,https://aws.amazon.com/vpc/lattice/
ap-northeast-3,Amazon Verified Permissions,https://aws.amazon.com/verified-permissions/
ap-northeast-3,Amazon Virtual Private Cloud (VPC),https://aws.amazon.com/vpc/
ap-northeast-3,CloudEndure Disaster Recovery,https://aws.amazon.com/cloudendure-disaster-recovery/
ap-northeast-3,CloudEndure Migration,https://aws.amazon.com/cloudendure-migration/
ap-northeast-3,EC2 Image Builder,https://aws.amazon.com/image-builder/
ap-northeast-3,Elastic Load Balancing,https://aws.amazon.com/elasticloadbalancing/
ap-northeast-3,Red Hat OpenShift Service on AWS (ROSA),https://aws.amazon.com/rosa/
ap-northeast-3,VMware Cloud on AWS,https://aws.amazon.com/vmware/
ap-south-1,AWS Amplify,https://aws.amazon.com/amplify/
ap-south-1,AWS App Mesh,https://aws.amazon.com/app-mesh/
ap-south-1,AWS App Runner,https://aws.amazon.com/apprunner/
ap-south-1,AWS AppSync,https://aws.amazon.com/appsync/
ap-south-1,AWS Application Migration Service (MGN),https://aws.amazon.com/application-migration-service/
ap-south-1,AWS Artifact,https://aws.amazon.com/artifact/
ap-south-1,AWS Audit Manager,https://aws.amazon.com/audit-manager/
ap-south-1,AWS Auto Scaling,https://aws.amazon.com/autoscaling/
ap-south-1,AWS Backup,https://aws.amazon.com/backup/
ap-south-1,AWS Batch,https://aws.amazon.com/batch/
ap-south-1,AWS Budgets,https://aws.amazon.com/aws-cost-management/aws-budgets/
ap-south-1,AWS Certificate Manager,https://aws.amazon.com/certificate-manager/
ap-south-1,AWS Chatbot,https://aws.amazon.com/chatbot/
ap-south-1,AWS Cloud Control API,https://aws.amazon.com/cloudcontrolapi/
ap-south-1,AWS Cloud Map,https://aws.amazon.com/cloud-map/
ap-south-1,AWS Cloud9,https://aws.amazon.com/cloud9/
ap-south-1,AWS CloudFormation,https://aws.amazon.com/cloudformation/
ap-south-1,AWS CloudHSM,https://aws.amazon.com/cloudhsm/
ap-south-1,AWS CloudShell,https://aws.amazon.com/cloudshell/
ap-south-1,AWS CloudTrail,https://aws.amazon.com/cloudtrail/
ap-south-1,AWS CodeArtifact,https://aws.amazon.com/codeartifact
ap-south-1,AWS CodeBuild,https://aws.amazon.com/codebuild/
ap-south-1,AWS CodeCommit,https://aws.amazon.com/codecommit/
ap-south-1,AWS CodeDeploy,https://aws.amazon.com/codedeploy/
ap-south-1,AWS CodePipeline,https://aws.amazon.com/codepipeline/
ap-south-1,AWS Compute Optimizer,https://aws.amazon.com/compute-optimizer/
ap-south-1,AWS Config,https://aws.amazon.com/config/
ap-south-1,AWS Control Tower,https://aws.amazon.com/controltower
ap-south-1,AWS DataSync,https://aws.amazon.com/datasync
ap-south-1,AWS Database Migration Service,https://aws.amazon.com/dms/
ap-south-1,AWS Direct Connect,https://aws.amazon.com/directconnect/
ap-south-1,AWS Directory Service,https://aws.amazon.com/directoryservice/
ap-south-1,AWS Elastic Beanstalk,https://aws.amazon.com/elasticbeanstalk/
ap-south-1,AWS Elastic Disaster Recovery (DRS),https://aws.amazon.com/disaster-recovery/
ap-south-1,AWS Elemental MediaConnect,https://aws.amazon.com/mediaconnect
ap-south-1,AWS Elemental MediaConvert,https://aws.amazon.com/mediaconvert/
ap-south-1,AWS Elemental MediaLive,https://aws.amazon.com/medialive/
ap-south-1,AWS Elemental MediaPackage,https://aws.amazon.com/mediapackage/
ap-south-1,AWS Elemental MediaTailor,https://aws.amazon.com/mediatailor/
ap-south-1,AWS Fargate,https://aws.amazon.com/fargate/
ap-south-1,AWS Fault Injection Service,https://aws.amazon.com/fis/
ap-south-1,AWS Firewall Manager,https://aws.amazon.com/firewall-manager/
ap-south-1,AWS Global Accelerator,https://aws.amazon.com/global-accelerator
ap-south-1,AWS Glue,https://aws.amazon.com/glue/
ap-south-1,AWS Health Dashboard,https://aws.amazon.com/premiumsupport/technology/aws-health-dashboard/
ap-south-1,AWS HealthLake,https://aws.amazon.com/healthlake/
ap-south-1,AWS IAM Identity Center,https://aws.amazon.com/iam/identity-center/
ap-south-1,AWS IQ,https://aws.amazon.com/iq/
ap-south-1,AWS Identity and Access Management (IAM),https://aws.amazon.com/iam
ap-south-1,AWS IoT Analytics,https://aws.amazon.com/iot-analytics/
ap-south-1,AWS IoT Core,https://aws.amazon.com/iot/
ap-south-1,AWS IoT Device Defender,https://aws.amazon.com/iot-device-defender/
ap-south-1,AWS IoT Device Management,https://aws.amazon.com/iot-device-management/
ap-south-1,AWS IoT Events,https://aws.amazon.com/iot-events/
ap-south-1,AWS IoT Greengrass,https://aws.amazon.com/greengrass/
ap-south-1,AWS IoT SiteWise,https://aws.amazon.com/iot-sitewise/
ap-south-1,AWS IoT TwinMaker,https://aws.amazon.com/iot-twinmaker/
ap-south-1,AWS Key Management Service,https://aws.amazon.com/kms/
ap-south-1,AWS Lake Formation,https://aws.amazon.com/lake-formation/
ap-south-1,AWS Lambda,https://aws.amazon.com/lambda/
ap-south-1,AWS Launch Wizard,https://aws.amazon.com/launchwizard/
ap-south-1,AWS License Manager,https://aws.amazon.com/license-manager/
ap-south-1,AWS Mainframe Modernization,https://aws.amazon.com/mainframe-modernization/
ap-south-1,AWS Managed Services,https://aws.amazon.com/managed-services/
ap-south-1,AWS Marketplace,https://aws.amazon.com/mp/
ap-south-1,AWS Network Firewall,https://aws.amazon.com/network-firewall/
ap-south-1,AWS OpsWorks Stacks,https://aws.amazon.com/opsworks/stacks/
ap-south-1,AWS Organizations,https://aws.amazon.com/organizations
ap-south-1,AWS Outposts,https://aws.amazon.com/outposts/
ap-south-1,AWS Private Certificate Authority,https://aws.amazon.com/private-ca/
ap-south-1,AWS PrivateLink,https://aws.amazon.com/privatelink/
ap-south-1,AWS Resilience Hub,https://aws.amazon.com/resilience-hub/
ap-south-1,AWS Resource Access Manager (RAM),https://aws.amazon.com/ram/
ap-south-1,AWS Resource Explorer,https://aws.amazon.com/resourceexplorer/
ap-south-1,AWS Resource Groups,https://docs.aws.amazon.com/ARG/index.html
ap-south-1,AWS Secrets Manager,https://aws.amazon.com/secrets-manager/
ap-south-1,AWS Security Hub,https://aws.amazon.com/security-hub/
ap-south-1,AWS Serverless Application Repository,https://aws.amazon.com/serverless/serverlessrepo/
ap-south-1,AWS Service Catalog,https://aws.amazon.com/servicecatalog/
ap-south-1,AWS Shield,https://aws.amazon.com/shield/
ap-south-1,AWS Signer,https://docs.aws.amazon.com/signer/latest/developerguide/Welcome.html
ap-south-1,AWS Snowball,https://aws.amazon.com/snowball/
ap-south-1,AWS Snowcone,https://aws.amazon.com/snowcone/
ap-south-1,AWS Step Functions,https://aws.amazon.com/step-functions/details/
ap-south-1,AWS Storage Gateway,https://aws.amazon.com/storagegateway/
ap-south-1,AWS Support,https://aws.amazon.com/premiumsupport/
ap-south-1,AWS Systems Manager,https://aws.amazon.com/systems-manager/
ap-south-1,AWS Transfer Family,https://aws.amazon.com/aws-transfer-family/
ap-south-1,AWS Transit Gateway,https://aws.amazon.com/transit-gateway/
ap-south-1,AWS Trusted Advisor,https://aws.amazon.com/premiumsupport/trustedadvisor/
ap-south-1,AWS User Notifications,https://aws.amazon.com/notifications/
ap-south-1,AWS VPN,https://aws.amazon.com/vpn/
ap-south-1,AWS Verified Access,https://aws.amazon.com/verified-access/
ap-south-1,AWS WAF,https://aws.amazon.com/waf/
ap-south-1,AWS Well-Architected Tool,https://aws.amazon.com/well-architected-tool
ap-south-1,AWS X-Ray,https://aws.amazon.com/xray/
ap-south-1,Amazon API Gateway,https://aws.amazon.com/api-gateway/
ap-south-1,Amazon AppFlow,https://aws.amazon.com/appflow/
ap-south-1,Amazon AppStream 2.0,https://aws.amazon.com/appstream2/
ap-south-1,Amazon Application Recovery Controller,https://aws.amazon.com/application-recovery-controller/
ap-south-1,Amazon Athena,https://aws.amazon.com/athena/
ap-south-1,Amazon Augmented AI (A2I),https://aws.amazon.com/augmented-ai/
ap-south-1,Amazon Aurora,https://aws.amazon.com/rds/aurora/
ap-south-1,Amazon Bedrock,https://aws.amazon.com/bedrock/
ap-south-1,Amazon Chime,https://chime.aws/
ap-south-1,Amazon Chime SDK,https://aws.amazon.com/chime/chime-sdk/
ap-south-1,Amazon CloudFront,https://aws.amazon.com/cloudfront/
ap-south-1,Amazon CloudWatch,https://aws.amazon.com/cloudwatch/
ap-south-1,Amazon CloudWatch Logs,https://aws.amazon.com/cloudwatch/
ap-south-1,Amazon Cognito,https://aws.amazon.com/cognito/
ap-south-1,Amazon Comprehend,https://aws.amazon.com/comprehend/
ap-south-1,Amazon Data Firehose,https://aws.amazon.com/firehose/
ap-south-1,Amazon Detective,https://aws.amazon.com/detective/
ap-south-1,Amazon DevOps Guru,https://aws.amazon.com/devops-guru/
ap-south-1,Amazon DocumentDB (with MongoDB compatibility),https://aws.amazon.com/documentdb/
ap-south-1,Amazon DynamoDB,https://aws.amazon.com/dynamodb/
ap-south-1,Amazon DynamoDB Accelerator,https://aws.amazon.com/dynamodb/dax/
ap-south-1,Amazon EC2 Auto Scaling,https://aws.amazon.com/ec2/autoscaling/
ap-south-1,Amazon ElastiCache,https://aws.amazon.com/elasticache/
ap-south-1,Amazon Elastic Block Store (EBS),https://aws.amazon.com/ebs/
ap-south-1,Amazon Elastic Compute Cloud (EC2),https://aws.amazon.com/ec2/
ap-south-1,Amazon Elastic Container Registry (ECR),https://aws.amazon.com/ecr/
ap-south-1,Amazon Elastic Container Service (ECS),https://aws.amazon.com/ecs/
ap-south-1,Amazon Elastic File System (EFS),https://aws.amazon.com/efs/
ap-south-1,Amazon Elastic Kubernetes Service (EKS),https://aws.amazon.com/eks
ap-south-1,Amazon Elastic MapReduce (EMR),https://aws.amazon.com/emr/
ap-south-1,Amazon Elastic Transcoder,https://aws.amazon.com/elastictranscoder/
ap-south-1,Amazon EventBridge,https://aws.amazon.com/eventbridge/
ap-south-1,Amazon FSx,https://aws.amazon.com/fsx/
ap-south-1,Amazon FSx for Lustre,https://aws.amazon.com/fsx/lustre/
ap-south-1,Amazon FSx for NetApp ONTAP,https://aws.amazon.com/fsx/netapp-ontap
ap-south-1,Amazon FSx for OpenZFS,https://aws.amazon.com/fsx/openzfs
ap-south-1,Amazon FSx for Windows File Server,https://aws.amazon.com/fsx/windows/
ap-south-1,Amazon Forecast,https://aws.amazon.com/forecast/
ap-south-1,Amazon GameLift,https://aws.amazon.com/gamelift/
ap-south-1,Amazon GuardDuty,https://aws.amazon.com/guardduty/
ap-south-1,Amazon IVS,https://aws.amazon.com/ivs/
ap-south-1,Amazon Inspector,https://aws.amazon.com/inspector/
ap-south-1,Amazon Inspector Classic,https://docs.aws.amazon.com/inspector/v1/userguide/inspector_introduction.html
ap-south-1,Amazon Kendra,https://aws.amazon.com/kendra/
ap-south-1,Amazon Keyspaces (for Apache Cassandra),https://aws.amazon.com/keyspaces/
ap-south-1,Amazon Kinesis Data Streams,https://aws.amazon.com/kinesis/streams/
ap-south-1,Amazon Kinesis Video Streams,https://aws.amazon.com/kinesis/video-streams/
ap-south-1,Amazon Lightsail,https://amazonlightsail.com/
ap-south-1,Amazon Location Service,https://aws.amazon.com/location
ap-south-1,Amazon Lumberyard,https://aws.amazon.com/lumberyard/
ap-south-1,Amazon MQ,https://aws.amazon.com/amazon-mq/
ap-south-1,Amazon Macie,https://aws.amazon.com/macie/
ap-south-1,Amazon Managed Service for Apache Flink,https://aws.amazon.com/managed-service-apache-flink/
ap-south-1,Amazon Managed Service for Prometheus,https://aws.amazon.com/prometheus/
ap-south-1,Amazon Managed Streaming for Apache Kafka,https://aws.amazon.com/msk/
ap-south-1,Amazon Managed Workflows for Apache Airflow,https://aws.amazon.com/managed-workflows-for-apache-airflow/
ap-south-1,Amazon MemoryDB,https://aws.amazon.com/memorydb
ap-south-1,Amazon Neptune,https://aws.amazon.com/neptune/
ap-south-1,Amazon OpenSearch Service,https://aws.amazon.com/opensearch-service/
ap-south-1,Amazon Personalize,https://aws.amazon.com/personalize/
ap-south-1,Amazon Pinpoint and End User Messaging,https://aws.amazon.com/end-user-messaging/amazon-pinpoint-aws-end-user-messaging-landing-page/
ap-south-1,Amazon Polly,https://aws.amazon.com/polly/
ap-south-1,Amazon QuickSight,https://aws.amazon.com/quicksight/
ap-south-1,Amazon Redshift,https://aws.amazon.com/redshift/
ap-south-1,Amazon Rekognition,https://aws.amazon.com/rekognition/
ap-south-1,Amazon Relational Database Service (RDS),https://aws.amazon.com/rds/
ap-south-1,Amazon Route 53,https://aws.amazon.com/route53/
ap-south-1,Amazon SageMaker,https://aws.amazon.com/sagemaker/
ap-south-1,Amazon Security Lake,https://aws.amazon.com/security-lake/
ap-south-1,Amazon Simple Email Service (SES),https://aws.amazon.com/ses/
ap-south-1,Amazon Simple Notification Service (SNS),https://aws.amazon.com/sns/
ap-south-1,Amazon Simple Queue Service (SQS),https://aws.amazon.com/sqs/
ap-south-1,Amazon Simple Storage Service (S3),https://aws.amazon.com/s3/
ap-south-1,Amazon Simple Workflow Service (SWF),https://aws.amazon.com/swf/
ap-south-1,Amazon Textract,https://aws.amazon.com/textract
ap-south-1,Amazon Transcribe,https://aws.amazon.com/transcribe/
ap-south-1,Amazon Translate,https://aws.amazon.com/translate/
ap-south-1,Amazon VPC Lattice,https://aws.amazon.com/vpc/lattice/
ap-south-1,Amazon Verified Permissions,https://aws.amazon.com/verified-permissions/
ap-south-1,Amazon Virtual Private Cloud (VPC),https://aws.amazon.com/vpc/
ap-south-1,Amazon WorkSpaces,https://aws.amazon.com/workspaces/
ap-south-1,Amazon WorkSpaces Secure Browser,https://aws.amazon.com/workspaces/secure-browser/
ap-south-1,Amazon WorkSpaces Thin Client,https://aws.amazon.com/workspaces/thin-client/
ap-south-1,CloudEndure Disaster Recovery,https://aws.amazon.com/cloudendure-disaster-recovery/
ap-south-1,CloudEndure Migration,https://aws.amazon.com/cloudendure-migration/
ap-south-1,EC2 Image Builder,https://aws.amazon.com/image-builder/
ap-south-1,Elastic Load Balancing,https://aws.amazon.com/elasticloadbalancing/
ap-south-1,FreeRTOS,https://aws.amazon.com/freertos/
ap-south-1,Red Hat OpenShift Service on AWS (ROSA),https://aws.amazon.com/rosa/
ap-south-1,VMware Cloud on AWS,https://aws.amazon.com/vmware/
ap-south-2,AWS AppSync,https://aws.amazon.com/appsync/
ap-south-2,AWS Application Migration Service (MGN),https://aws.amazon.com/application-migration-service/
ap-south-2,AWS Artifact,https://aws.amazon.com/artifact/
ap-south-2,AWS Backup,https://aws.amazon.com/backup/
ap-south-2,AWS Batch,https://aws.amazon.com/batch/
ap-south-2,AWS Certificate Manager,https://aws.amazon.com/certificate-manager/
ap-south-2,AWS Chatbot,https://aws.amazon.com/chatbot/
ap-south-2,AWS Cloud Control API,https://aws.amazon.com/cloudcontrolapi/
ap-south-2,AWS Cloud Map,https://aws.amazon.com/cloud-map/
ap-south-2,AWS CloudFormation,https://aws.amazon.com/cloudformation/
ap-south-2,AWS CloudHSM,https://aws.amazon.com/cloudhsm/
ap-south-2,AWS CloudTrail,https://aws.amazon.com/cloudtrail/
ap-south-2,AWS CodeBuild,https://aws.amazon.com/codebuild/
ap-south-2,AWS CodeCommit,https://aws.amazon.com/codecommit/
ap-south-2,AWS CodeDeploy,https://aws.amazon.com/codedeploy/
ap-south-2,AWS CodePipeline,https://aws.amazon.com/codepipeline/
ap-south-2,AWS Compute Optimizer,https://aws.amazon.com/compute-optimizer/
ap-south-2,AWS Config,https://aws.amazon.com/config/
ap-south-2,AWS Control Tower,https://aws.amazon.com/controltower
ap-south-2,AWS DataSync,https://aws.amazon.com/datasync
ap-south-2,AWS Database Migration Service,https://aws.amazon.com/dms/
ap-south-2,AWS Direct Connect,https://aws.amazon.com/directconnect/
ap-south-2,AWS Directory Service,https://aws.amazon.com/directoryservice/
ap-south-2,AWS Elastic Disaster Recovery (DRS),https://aws.amazon.com/disaster-recovery/
ap-south-2,AWS Elemental MediaConnect,https://aws.amazon.com/mediaconnect
ap-south-2,AWS Elemental MediaLive,https://aws.amazon.com/medialive/
ap-south-2,AWS Elemental MediaTailor,https://aws.amazon.com/mediatailor/
ap-south-2,AWS Fargate,https://aws.amazon.com/fargate/
ap-south-2,AWS Firewall Manager,https://aws.amazon.com/firewall-manager/
ap-south-2,AWS Global Accelerator,https://aws.amazon.com/global-accelerator
ap-south-2,AWS Glue,https://aws.amazon.com/glue/
ap-south-2,AWS Health Dashboard,https://aws.amazon.com/premiumsupport/technology/aws-health-dashboard/
ap-south-2,AWS IAM Identity Center,https://aws.amazon.com/iam/identity-center/
ap-south-2,AWS Identity and Access Management (IAM),https://aws.amazon.com/iam
ap-south-2,AWS Key Management Service,https://aws.amazon.com/kms/
ap-south-2,AWS Lake Formation,https://aws.amazon.com/lake-formation/
ap-south-2,AWS Lambda,https://aws.amazon.com/lambda/
ap-south-2,AWS Launch Wizard,https://aws.amazon.com/launchwizard/
ap-south-2,AWS License Manager,https://aws.amazon.com/license-manager/
ap-south-2,AWS Marketplace,https://aws.amazon.com/mp/
ap-south-2,AWS Network Firewall,https://aws.amazon.com/network-firewall/
ap-south-2,AWS Organizations,https://aws.amazon.com/organizations
ap-south-2,AWS Private Certificate Authority,https://aws.amazon.com/private-ca/
ap-south-2,AWS PrivateLink,https://aws.amazon.com/privatelink/
ap-south-2,AWS Resource Access Manager (RAM),https://aws.amazon.com/ram/
ap-south-2,AWS Resource Explorer,https://aws.amazon.com/resourceexplorer/
ap-south-2,AWS Resource Groups,https://docs.aws.amazon.com/ARG/index.html
ap-south-2,AWS Secrets Manager,https://aws.amazon.com/secrets-manager/
ap-south-2,AWS Security Hub,https://aws.amazon.com/security-hub/
ap-south-2,AWS Service Catalog,https://aws.amazon.com/servicecatalog/
ap-south-2,AWS Shield,https://aws.amazon.com/shield/
ap-south-2,AWS Step Functions,https://aws.amazon.com/step-functions/details/
ap-south-2,AWS Storage Gateway,https://aws.amazon.com/storagegateway/
ap-south-2,AWS Support,https://aws.amazon.com/premiumsupport/
ap-south-2,AWS Systems Manager,https://aws.amazon.com/systems-manager/
ap-south-2,AWS Transfer Family,https://aws.amazon.com/aws-transfer-family/
ap-south-2,AWS Transit Gateway,https://aws.amazon.com/transit-gateway/
ap-south-2,AWS Trusted Advisor,https://aws.amazon.com/premiumsupport/trustedadvisor/
ap-south-2,AWS User Notifications,https://aws.amazon.com/notifications/
ap-south-2,AWS VPN,https://aws.amazon.com/vpn/
ap-south-2,AWS WAF,https://aws.amazon.com/waf/
ap-south-2,AWS X-Ray,https://aws.amazon.com/xray/
ap-south-2,Amazon API Gateway,https://aws.amazon.com/api-gateway/
ap-south-2,Amazon Application Recovery Controller,https://aws.amazon.com/application-recovery-controller/
ap-south-2,Amazon Athena,https://aws.amazon.com/athena/
ap-south-2,Amazon Aurora,https://aws.amazon.com/rds/aurora/
ap-south-2,Amazon CloudFront,https://aws.amazon.com/cloudfront/
ap-south-2,Amazon CloudWatch,https://aws.amazon.com/cloudwatch/
ap-south-2,Amazon CloudWatch Logs,https://aws.amazon.com/cloudwatch/
ap-south-2,Amazon Cognito,https://aws.amazon.com/cognito/
ap-south-2,Amazon Data Firehose,https://aws.amazon.com/firehose/
ap-south-2,Amazon DocumentDB (with MongoDB compatibility),https://aws.amazon.com/documentdb/
ap-south-2,Amazon DynamoDB,https://aws.amazon.com/dynamodb/
ap-south-2,Amazon EC2 Auto Scaling,https://aws.amazon.com/ec2/autoscaling/
ap-south-2,Amazon ElastiCache,https://aws.amazon.com/elasticache/
ap-south-2,Amazon Elastic Block Store (EBS),https://aws.amazon.com/ebs/
ap-south-2,Amazon Elastic Compute Cloud (EC2),https://aws.amazon.com/ec2/
ap-south-2,Amazon Elastic Container Registry (ECR),https://aws.amazon.com/ecr/
ap-south-2,Amazon Elastic Container Service (ECS),https://aws.amazon.com/ecs/
ap-south-2,Amazon Elastic File System (EFS),https://aws.amazon.com/efs/
ap-south-2,Amazon Elastic Kubernetes Service (EKS),https://aws.amazon.com/eks
ap-south-2,Amazon Elastic MapReduce (EMR),https://aws.amazon.com/emr/
ap-south-2,Amazon EventBridge,https://aws.amazon.com/eventbridge/
ap-south-2,Amazon FSx,https://aws.amazon.com/fsx/
ap-south-2,Amazon FSx for Lustre,https://aws.amazon.com/fsx/lustre/
ap-south-2,Amazon FSx for NetApp ONTAP,https://aws.amazon.com/fsx/netapp-ontap
ap-south-2,Amazon FSx for OpenZFS,https://aws.amazon.com/fsx/openzfs
ap-south-2,Amazon FSx for Windows File Server,https://aws.amazon.com/fsx/windows/
ap-south-2,Amazon GuardDuty,https://aws.amazon.com/guardduty/
ap-south-2,Amazon Kinesis Data Streams,https://aws.amazon.com/kinesis/streams/
ap-south-2,Amazon MQ,https://aws.amazon.com/amazon-mq/
ap-south-2,Amazon Managed Service for Apache Flink,https://aws.amazon.com/managed-service-apache-flink/
ap-south-2,Amazon Managed Streaming for Apache Kafka,https://aws.amazon.com/msk/
ap-south-2,Amazon Managed Workflows for Apache Airflow,https://aws.amazon.com/managed-workflows-for-apache-airflow/
ap-south-2,Amazon OpenSearch Service,https://aws.amazon.com/opensearch-service/
ap-south-2,Amazon Pinpoint and End User Messaging,https://aws.amazon.com/end-user-messaging/amazon-pinpoint-aws-end-user-messaging-landing-page/
ap-south-2,Amazon Redshift,https://aws.amazon.com/redshift/
ap-south-2,Amazon Relational Database Service (RDS),https://aws.amazon.com/rds/
ap-south-2,Amazon Route 53,https://aws.amazon.com/route53/
ap-south-2,Amazon SageMaker,https://aws.amazon.com/sagemaker/
ap-south-2,Amazon Simple Notification Service (SNS),https://aws.amazon.com/sns/
ap-south-2,Amazon Simple Queue Service (SQS),https://aws.amazon.com/sqs/
ap-south-2,Amazon Simple Storage Service (S3),https://aws.amazon.com/s3/
ap-south-2,Amazon Simple Workflow Service (SWF),https://aws.amazon.com/swf/
ap-south-2,Amazon Verified Permissions,https://aws.amazon.com/verified-permissions/
ap-south-2,Amazon Virtual Private Cloud (VPC),https://aws.amazon.com/vpc/
ap-south-2,EC2 Image Builder,https://aws.amazon.com/image-builder/
ap-south-2,Elastic Load Balancing,https://aws.amazon.com/elasticloadbalancing/
ap-south-2,Red Hat OpenShift Service on AWS (ROSA),https://aws.amazon.com/rosa/
ap-south-2,VMware Cloud on AWS,https://aws.amazon.com/vmware/
ap-southeast-1,AWS Amplify,https://aws.amazon.com/amplify/
ap-southeast-1,AWS App Mesh,https://aws.amazon.com/app-mesh/
ap-southeast-1,AWS App Runner,https://aws.amazon.com/apprunner/
ap-southeast-1,AWS AppSync,https://aws.amazon.com/appsync/
ap-southeast-1,AWS Application Migration Service (MGN),https://aws.amazon.com/application-migration-service/
ap-southeast-1,AWS Artifact,https://aws.amazon.com/artifact/
ap-southeast-1,AWS Audit Manager,https://aws.amazon.com/audit-manager/
ap-southeast-1,AWS Auto Scaling,https://aws.amazon.com/autoscaling/
ap-southeast-1,AWS Backup,https://aws.amazon.com/backup/
ap-southeast-1,AWS Batch,https://aws.amazon.com/batch/
ap-southeast-1,AWS Budgets,https://aws.amazon.com/aws-cost-management/aws-budgets/
ap-southeast-1,AWS Certificate Manager,https://aws.amazon.com/certificate-manager/
ap-southeast-1,AWS Chatbot,https://aws.amazon.com/chatbot/
ap-southeast-1,AWS Clean Rooms,https://aws.amazon.com/clean-rooms/
ap-southeast-1,AWS Cloud Control API,https://aws.amazon.com/cloudcontrolapi/
ap-southeast-1,AWS Cloud Map,https://aws.amazon.com/cloud-map/
ap-southeast-1,AWS Cloud9,https://aws.amazon.com/cloud9/
ap-southeast-1,AWS CloudFormation,https://aws.amazon.com/cloudformation/
ap-southeast-1,AWS CloudHSM,https://aws.amazon.com/cloudhsm/
ap-southeast-1,AWS CloudShell,https://aws.amazon.com/cloudshell/
ap-southeast-1,AWS CloudTrail,https://aws.amazon.com/cloudtrail/
ap-southeast-1,AWS CodeArtifact,https://aws.amazon.com/codeartifact
ap-southeast-1,AWS CodeBuild,https://aws.amazon.com/codebuild/
ap-southeast-1,AWS CodeCommit,https://aws.amazon.com/codecommit/
ap-southeast-1,AWS CodeDeploy,https://aws.amazon.com/codedeploy/
ap-southeast-1,AWS CodePipeline,https://aws.amazon.com/codepipeline/
ap-southeast-1,AWS Compute Optimizer,https://aws.amazon.com/compute-optimizer/
ap-southeast-1,AWS Config,https://aws.amazon.com/config/
ap-southeast-1,AWS Control Tower,https://aws.amazon.com/controltower
ap-southeast-1,AWS Data Exchange,https://aws.amazon.com/data-exchange/
ap-southeast-1,AWS DataSync,https://aws.amazon.com/datasync
ap-southeast-1,AWS Database Migration Service,https://aws.amazon.com/dms/
ap-southeast-1,AWS Deadline Cloud,https://aws.amazon.com/deadline-cloud/
ap-southeast-1,AWS Direct Connect,https://aws.amazon.com/directconnect/
ap-southeast-1,AWS Directory Service,https://aws.amazon.com/directoryservice/
ap-southeast-1,AWS Elastic Beanstalk,https://aws.amazon.com/elasticbeanstalk/
ap-southeast-1,AWS Elastic Disaster Recovery (DRS),https://aws.amazon.com/disaster-recovery/
ap-southeast-1,AWS Elemental MediaConnect,https://aws.amazon.com/mediaconnect
ap-southeast-1,AWS Elemental MediaConvert,https://aws.amazon.com/mediaconvert/
ap-southeast-1,AWS Elemental MediaLive,https://aws.amazon.com/medialive/
ap-southeast-1,AWS Elemental MediaPackage,https://aws.amazon.com/mediapackage/
ap-southeast-1,AWS Elemental MediaTailor,https://aws.amazon.com/mediatailor/
ap-southeast-1,AWS Entity Resolution,https://aws.amazon.com/entity-resolution
ap-southeast-1,AWS Fargate,https://aws.amazon.com/fargate/
ap-southeast-1,AWS Fault Injection Service,https://aws.amazon.com/fis/
ap-southeast-1,AWS Firewall Manager,https://aws.amazon.com/firewall-manager/
ap-southeast-1,AWS Global Accelerator,https://aws.amazon.com/global-accelerator
ap-southeast-1,AWS Glue,https://aws.amazon.com/glue/
ap-southeast-1,AWS Ground Station,https://aws.amazon.com/ground-station/
ap-southeast-1,AWS Health Dashboard,https://aws.amazon.com/premiumsupport/technology/aws-health-dashboard/
ap-southeast-1,AWS HealthOmics,https://aws.amazon.com/healthomics/
ap-southeast-1,AWS IAM Identity Center,https://aws.amazon.com/iam/identity-center/
ap-southeast-1,AWS IQ,https://aws.amazon.com/iq/
ap-southeast-1,AWS Identity and Access Management (IAM),https://aws.amazon.com/iam
ap-southeast-1,AWS IoT Core,https://aws.amazon.com/iot/
ap-southeast-1,AWS IoT Device Defender,https://aws.amazon.com/iot-device-defender/
ap-southeast-1,AWS IoT Device Management,https://aws.amazon.com/iot-device-management/
ap-southeast-1,AWS IoT Events,https://aws.amazon.com/iot-events/
ap-southeast-1,AWS IoT Greengrass,https://aws.amazon.com/greengrass/
ap-southeast-1,AWS IoT SiteWise,https://aws.amazon.com/iot-sitewise/
ap-southeast-1,AWS IoT TwinMaker,https://aws.amazon.com/iot-twinmaker/
ap-southeast-1,AWS Key Management Service,https://aws.amazon.com/kms/
ap-southeast-1,AWS Lake Formation,https://aws.amazon.com/lake-formation/
ap-southeast-1,AWS Lambda,https://aws.amazon.com/lambda/
ap-southeast-1,AWS Launch Wizard,https://aws.amazon.com/launchwizard/
ap-southeast-1,AWS License Manager,https://aws.amazon.com/license-manager/
ap-southeast-1,AWS Mainframe Modernization,https://aws.amazon.com/mainframe-modernization/
ap-southeast-1,AWS Managed Services,https://aws.amazon.com/managed-services/
ap-southeast-1,AWS Marketplace,https://aws.amazon.com/mp/
ap-southeast-1,AWS Network Firewall,https://aws.amazon.com/network-firewall/
ap-southeast-1,AWS OpsWorks Stacks,https://aws.amazon.com/opsworks/stacks/
ap-southeast-1,AWS OpsWorks for Chef Automate,https://aws.amazon.com/opsworks/chefautomate/
ap-southeast-1,AWS OpsWorks for Puppet Enterprise,https://aws.amazon.com/opsworks/puppetenterprise/
ap-southeast-1,AWS Organizations,https://aws.amazon.com/organizations
ap-southeast-1,AWS Outposts,https://aws.amazon.com/outposts/
ap-southeast-1,AWS Payment Cryptography,https://aws.amazon.com/payment-cryptography/
ap-southeast-1,AWS Private Certificate Authority,https://aws.amazon.com/private-ca/
ap-southeast-1,AWS PrivateLink,https://aws.amazon.com/privatelink/
ap-southeast-1,AWS Proton,https://aws.amazon.com/proton/
ap-southeast-1,AWS Resilience Hub,https://aws.amazon.com/resilience-hub/
ap-southeast-1,AWS Resource Access Manager (RAM),https://aws.amazon.com/ram/
ap-southeast-1,AWS Resource Explorer,https://aws.amazon.com/resourceexplorer/
ap-southeast-1,AWS Resource Groups,https://docs.aws.amazon.com/ARG/index.html
ap-southeast-1,AWS RoboMaker,https://aws.amazon.com/robomaker/
ap-southeast-1,AWS Secrets Manager,https://aws.amazon.com/secrets-manager/
ap-southeast-1,AWS Security Hub,https://aws.amazon.com/security-hub/
ap-southeast-1,AWS Serverless Application Repository,https://aws.amazon.com/serverless/serverlessrepo/
ap-southeast-1,AWS Service Catalog,https://aws.amazon.com/servicecatalog/
ap-southeast-1,AWS Shield,https://aws.amazon.com/shield/
ap-southeast-1,AWS Signer,https://docs.aws.amazon.com/signer/latest/developerguide/Welcome.html
ap-southeast-1,AWS SimSpace Weaver,https://aws.amazon.com/simspaceweaver/
ap-southeast-1,AWS Snowball,https://aws.amazon.com/snowball/
ap-southeast-1,AWS Snowcone,https://aws.amazon.com/snowcone/
ap-southeast-1,AWS Step Functions,https://aws.amazon.com/step-functions/details/
ap-southeast-1,AWS Storage Gateway,https://aws.amazon.com/storagegateway/
ap-southeast-1,AWS Support,https://aws.amazon.com/premiumsupport/
ap-southeast-1,AWS Systems Manager,https://aws.amazon.com/systems-manager/
ap-southeast-1,AWS Transfer Family,https://aws.amazon.com/aws-transfer-family/
ap-southeast-1,AWS Transit Gateway,https://aws.amazon.com/transit-gateway/
ap-southeast-1,AWS Trusted Advisor,https://aws.amazon.com/premiumsupport/trustedadvisor/
ap-southeast-1,AWS User Notifications,https://aws.amazon.com/notifications/
ap-southeast-1,AWS VPN,https://aws.amazon.com/vpn/
ap-southeast-1,AWS Verified Access,https://aws.amazon.com/verified-access/
ap-southeast-1,AWS WAF,https://aws.amazon.com/waf/
ap-southeast-1,AWS Well-Architected Tool,https://aws.amazon.com/well-architected-tool
ap-southeast-1,AWS Wickr,https://aws.amazon.com/wickr/
ap-southeast-1,AWS X-Ray,https://aws.amazon.com/xray/
ap-southeast-1,Amazon API Gateway,https://aws.amazon.com/api-gateway/
ap-southeast-1,Amazon AppFlow,https://aws.amazon.com/appflow/
ap-southeast-1,Amazon AppStream 2.0,https://aws.amazon.com/appstream2/
ap-southeast-1,Amazon Application Recovery Controller,https://aws.amazon.com/application-recovery-controller/
ap-southeast-1,Amazon Athena,https://aws.amazon.com/athena/
ap-southeast-1,Amazon Augmented AI (A2I),https://aws.amazon.com/augmented-ai/
ap-southeast-1,Amazon Aurora,https://aws.amazon.com/rds/aurora/
ap-southeast-1,Amazon Bedrock,https://aws.amazon.com/bedrock/
ap-southeast-1,Amazon Chime,https://chime.aws/
ap-southeast-1,Amazon Chime SDK,https://aws.amazon.com/chime/chime-sdk/
ap-southeast-1,Amazon Cloud Directory,https://aws.amazon.com/cloud-directory/
ap-southeast-1,Amazon CloudFront,https://aws.amazon.com/cloudfront/
ap-southeast-1,Amazon CloudSearch,https://aws.amazon.com/cloudsearch/
ap-southeast-1,Amazon CloudWatch,https://aws.amazon.com/cloudwatch/
ap-southeast-1,Amazon CloudWatch Logs,https://aws.amazon.com/cloudwatch/
ap-southeast-1,Amazon CodeGuru,https://aws.amazon.com/codeguru/
ap-southeast-1,Amazon Cognito,https://aws.amazon.com/cognito/
ap-southeast-1,Amazon Comprehend,https://aws.amazon.com/comprehend/
ap-southeast-1,Amazon Connect,https://aws.amazon.com/connect/
ap-southeast-1,Amazon Data Firehose,https://aws.amazon.com/firehose/
ap-southeast-1,Amazon DataZone,https://aws.amazon.com/datazone/
ap-southeast-1,Amazon Detective,https://aws.amazon.com/detective/
ap-southeast-1,Amazon DevOps Guru,https://aws.amazon.com/devops-guru/
ap-southeast-1,Amazon DocumentDB (with MongoDB compatibility),https://aws.amazon.com/documentdb/
ap-southeast-1,Amazon DynamoDB,https://aws.amazon.com/dynamodb/
ap-southeast-1,Amazon DynamoDB Accelerator,https://aws.amazon.com/dynamodb/dax/
ap-southeast-1,Amazon EC2 Auto Scaling,https://aws.amazon.com/ec2/autoscaling/
ap-southeast-1,Amazon ElastiCache,https://aws.amazon.com/elasticache/
ap-southeast-1,Amazon Elastic Block Store (EBS),https://aws.amazon.com/ebs/
ap-southeast-1,Amazon Elastic Compute Cloud (EC2),https://aws.amazon.com/ec2/
ap-southeast-1,Amazon Elastic Container Registry (ECR),https://aws.amazon.com/ecr/
ap-southeast-1,Amazon Elastic Container Service (ECS),https://aws.amazon.com/ecs/
ap-southeast-1,Amazon Elastic File System (EFS),https://aws.amazon.com/efs/
ap-southeast-1,Amazon Elastic Kubernetes Service (EKS),https://aws.amazon.com/eks
ap-southeast-1,Amazon Elastic MapReduce (EMR),https://aws.amazon.com/emr/
ap-southeast-1,Amazon Elastic Transcoder,https://aws.amazon.com/elastictranscoder/
ap-southeast-1,Amazon EventBridge,https://aws.amazon.com/eventbridge/
ap-southeast-1,Amazon FSx,https://aws.amazon.com/fsx/
ap-southeast-1,Amazon FSx for Lustre,https://aws.amazon.com/fsx/lustre/
ap-southeast-1,Amazon FSx for NetApp ONTAP,https://aws.amazon.com/fsx/netapp-ontap
ap-southeast-1,Amazon FSx for OpenZFS,https://aws.amazon.com/fsx/openzfs
ap-southeast-1,Amazon FSx for Windows File Server,https://aws.amazon.com/fsx/windows/
ap-southeast-1,Amazon File Cache,https://aws.amazon.com/filecache/
ap-southeast-1,Amazon FinSpace,https://aws.amazon.com/finspace/
ap-southeast-1,Amazon Forecast,https://aws.amazon.com/forecast/
ap-southeast-1,Amazon Fraud Detector,https://aws.amazon.com/fraud-detector/
ap-southeast-1,Amazon GameLift,https://aws.amazon.com/gamelift/
ap-southeast-1,Amazon GuardDuty,https://aws.amazon.com/guardduty/
ap-southeast-1,Amazon Inspector,https://aws.amazon.com/inspector/
ap-southeast-1,Amazon Kendra,https://aws.amazon.com/kendra/
ap-southeast-1,Amazon Keyspaces (for Apache Cassandra),https://aws.amazon.com/keyspaces/
ap-southeast-1,Amazon Kinesis Data Streams,https://aws.amazon.com/kinesis/streams/
ap-southeast-1,Amazon Kinesis Video Streams,https://aws.amazon.com/kinesis/video-streams/
ap-southeast-1,Amazon Lex,https://aws.amazon.com/lex/
ap-southeast-1,Amazon Lightsail,https://amazonlightsail.com/
ap-southeast-1,Amazon Location Service,https://aws.amazon.com/location
ap-southeast-1,Amazon Lookout for Metrics,https://aws.amazon.com/lookout-for-metrics/
ap-southeast-1,Amazon Lumberyard,https://aws.amazon.com/lumberyard/
ap-southeast-1,Amazon MQ,https://aws.amazon.com/amazon-mq/
ap-southeast-1,Amazon Macie,https://aws.amazon.com/macie/
ap-southeast-1,Amazon Managed Blockchain,https://aws.amazon.com/managed-blockchain/
ap-southeast-1,Amazon Managed Grafana,https://aws.amazon.com/grafana/
ap-southeast-1,Amazon Managed Service for Apache Flink,https://aws.amazon.com/managed-service-apache-flink/
ap-southeast-1,Amazon Managed Service for Prometheus,https://aws.amazon.com/prometheus/
ap-southeast-1,Amazon Managed Streaming for Apache Kafka,https://aws.amazon.com/msk/
ap-southeast-1,Amazon Managed Workflows for Apache Airflow,https://aws.amazon.com/managed-workflows-for-apache-airflow/
ap-southeast-1,Amazon MemoryDB,https://aws.amazon.com/memorydb
ap-southeast-1,Amazon Neptune,https://aws.amazon.com/neptune/
ap-southeast-1,Amazon Nimble Studio,https://aws.amazon.com/nimble-studio/
ap-southeast-1,Amazon OpenSearch Service,https://aws.amazon.com/opensearch-service/
ap-southeast-1,Amazon Personalize,https://aws.amazon.com/personalize/
ap-southeast-1,Amazon Pinpoint and End User Messaging,https://aws.amazon.com/end-user-messaging/amazon-pinpoint-aws-end-user-messaging-landing-page/
ap-southeast-1,Amazon Polly,https://aws.amazon.com/polly/
ap-southeast-1,Amazon Quantum Ledger Database (QLDB),https://aws.amazon.com/qldb/
ap-southeast-1,Amazon QuickSight,https://aws.amazon.com/quicksight/
ap-southeast-1,Amazon Redshift,https://aws.amazon.com/redshift/
ap-southeast-1,Amazon Rekognition,https://aws.amazon.com/rekognition/
ap-southeast-1,Amazon Relational Database Service (RDS),https://aws.amazon.com/rds/
ap-southeast-1,Amazon Route 53,https://aws.amazon.com/route53/
ap-southeast-1,Amazon SageMaker,https://aws.amazon.com/sagemaker/
ap-southeast-1,Amazon Security Lake,https://aws.amazon.com/security-lake/
ap-southeast-1,Amazon Simple Email Service (SES),https://aws.amazon.com/ses/
ap-southeast-1,Amazon Simple Notification Service (SNS),https://aws.amazon.com/sns/
ap-southeast-1,Amazon Simple Queue Service (SQS),https://aws.amazon.com/sqs/
ap-southeast-1,Amazon Simple Storage Service (S3),https://aws.amazon.com/s3/
ap-southeast-1,Amazon Simple Workflow Service (SWF),https://aws.amazon.com/swf/
ap-southeast-1,Amazon SimpleDB,https://aws.amazon.com/simpledb/
ap-southeast-1,Amazon Textract,https://aws.amazon.com/textract
ap-southeast-1,Amazon Transcribe,https://aws.amazon.com/transcribe/
ap-southeast-1,Amazon Translate,https://aws.amazon.com/translate/
ap-southeast-1,Amazon VPC Lattice,https://aws.amazon.com/vpc/lattice/
ap-southeast-1,Amazon Verified Permissions,https://aws.amazon.com/verified-permissions/
ap-southeast-1,Amazon Virtual Private Cloud (VPC),https://aws.amazon.com/vpc/
ap-southeast-1,Amazon WorkDocs,https://aws.amazon.com/workdocs/
ap-southeast-1,Amazon WorkSpaces,https://aws.amazon.com/workspaces/
ap-southeast-1,Amazon WorkSpaces Secure Browser,https://aws.amazon.com/workspaces/secure-browser/
ap-southeast-1,CloudEndure Disaster Recovery,https://aws.amazon.com/cloudendure-disaster-recovery/
ap-southeast-1,CloudEndure Migration,https://aws.amazon.com/cloudendure-migration/
ap-southeast-1,EC2 Image Builder,https://aws.amazon.com/image-builder/
ap-southeast-1,Elastic Load Balancing,https://aws.amazon.com/elasticloadbalancing/
ap-southeast-1,FreeRTOS,https://aws.amazon.com/freertos/
ap-southeast-1,Red Hat OpenShift Service on AWS (ROSA),https://aws.amazon.com/rosa/
ap-southeast-1,VMware Cloud on AWS,https://aws.amazon.com/vmware/
ap-southeast-2,AWS Amplify,https://aws.amazon.com/amplify/
ap-southeast-2,AWS App Mesh,https://aws.amazon.com/app-mesh/
ap-southeast-2,AWS App Runner,https://aws.amazon.com/apprunner/
ap-southeast-2,AWS AppSync,https://aws.amazon.com/appsync/
ap-southeast-2,AWS Application Discovery Service,https://aws.amazon.com/application-discovery/
ap-southeast-2,AWS Application Migration Service (MGN),https://aws.amazon.com/application-migration-service/
ap-southeast-2,AWS Artifact,https://aws.amazon.com/artifact/
ap-southeast-2,AWS Audit Manager,https://aws.amazon.com/audit-manager/
ap-southeast-2,AWS Auto Scaling,https://aws.amazon.com/autoscaling/
ap-southeast-2,AWS Backup,https://aws.amazon.com/backup/
ap-southeast-2,AWS Batch,https://aws.amazon.com/batch/
ap-southeast-2,AWS Budgets,https://aws.amazon.com/aws-cost-management/aws-budgets/
ap-southeast-2,AWS Certificate Manager,https://aws.amazon.com/certificate-manager/
ap-southeast-2,AWS Chatbot,https://aws.amazon.com/chatbot/
ap-southeast-2,AWS Clean Rooms,https://aws.amazon.com/clean-rooms/
ap-southeast-2,AWS Cloud Control API,https://aws.amazon.com/cloudcontrolapi/
ap-southeast-2,AWS Cloud Map,https://aws.amazon.com/cloud-map/
ap-southeast-2,AWS Cloud9,https://aws.amazon.com/cloud9/
ap-southeast-2,AWS CloudFormation,https://aws.amazon.com/cloudformation/
ap-southeast-2,AWS CloudHSM,https://aws.amazon.com/cloudhsm/
ap-southeast-2,AWS CloudShell,https://aws.amazon.com/cloudshell/
ap-southeast-2,AWS CloudTrail,https://aws.amazon.com/cloudtrail/
ap-southeast-2,AWS CodeArtifact,https://aws.amazon.com/codeartifact
ap-southeast-2,AWS CodeBuild,https://aws.amazon.com/codebuild/
ap-southeast-2,AWS CodeCommit,https://aws.amazon.com/codecommit/
ap-southeast-2,AWS CodeDeploy,https://aws.amazon.com/codedeploy/
ap-southeast-2,AWS CodePipeline,https://aws.amazon.com/codepipeline/
ap-southeast-2,AWS Compute Optimizer,https://aws.amazon.com/compute-optimizer/
ap-southeast-2,AWS Config,https://aws.amazon.com/config/
ap-southeast-2,AWS Control Tower,https://aws.amazon.com/controltower
ap-southeast-2,AWS Data Exchange,https://aws.amazon.com/data-exchange/
ap-southeast-2,AWS Data Pipeline,https://aws.amazon.com/datapipeline/
ap-southeast-2,AWS DataSync,https://aws.amazon.com/datasync
ap-southeast-2,AWS Database Migration Service,https://aws.amazon.com/dms/
ap-southeast-2,AWS Deadline Cloud,https://aws.amazon.com/deadline-cloud/
ap-southeast-2,AWS Direct Connect,https://aws.amazon.com/directconnect/
ap-southeast-2,AWS Directory Service,https://aws.amazon.com/directoryservice/
ap-southeast-2,AWS Elastic Beanstalk,https://aws.amazon.com/elasticbeanstalk/
ap-southeast-2,AWS Elastic Disaster Recovery (DRS),https://aws.amazon.com/disaster-recovery/
ap-southeast-2,AWS Elemental MediaConnect,https://aws.amazon.com/mediaconnect
ap-southeast-2,AWS Elemental MediaConvert,https://aws.amazon.com/mediaconvert/
ap-southeast-2,AWS Elemental MediaLive,https://aws.amazon.com/medialive/
ap-southeast-2,AWS Elemental MediaPackage,https://aws.amazon.com/mediapackage/
ap-southeast-2,AWS Elemental MediaStore,https://aws.amazon.com/mediastore/
ap-southeast-2,AWS Elemental MediaTailor,https://aws.amazon.com/mediatailor/
ap-southeast-2,AWS Entity Resolution,https://aws.amazon.com/entity-resolution
ap-southeast-2,AWS Fargate,https://aws.amazon.com/fargate/
ap-southeast-2,AWS Fault Injection Service,https://aws.amazon.com/fis/
ap-southeast-2,AWS Firewall Manager,https://aws.amazon.com/firewall-manager/
ap-southeast-2,AWS Global Accelerator,https://aws.amazon.com/global-accelerator
ap-southeast-2,AWS Glue,https://aws.amazon.com/glue/
ap-southeast-2,AWS Ground Station,https://aws.amazon.com/ground-station/
ap-southeast-2,AWS Health Dashboard,https://aws.amazon.com/premiumsupport/technology/aws-health-dashboard/
ap-southeast-2,AWS HealthImaging,https://aws.amazon.com/healthimaging/
ap-southeast-2,AWS HealthLake,https://aws.amazon.com/healthlake/
ap-southeast-2,AWS IAM Identity Center,https://aws.amazon.com/iam/identity-center/
ap-southeast-2,AWS IQ,https://aws.amazon.com/iq/
ap-southeast-2,AWS Identity and Access Management (IAM),https://aws.amazon.com/iam
ap-southeast-2,AWS IoT Analytics,https://aws.amazon.com/iot-analytics/
ap-southeast-2,AWS IoT Core,https://aws.amazon.com/iot/
ap-southeast-2,AWS IoT Device Defender,https://aws.amazon.com/iot-device-defender/
ap-southeast-2,AWS IoT Device Management,https://aws.amazon.com/iot-device-management/
ap-southeast-2,AWS IoT Events,https://aws.amazon.com/iot-events/
ap-southeast-2,AWS IoT Greengrass,https://aws.amazon.com/greengrass/
ap-southeast-2,AWS IoT SiteWise,https://aws.amazon.com/iot-sitewise/
ap-southeast-2,AWS IoT TwinMaker,https://aws.amazon.com/iot-twinmaker/
ap-southeast-2,AWS Key Management Service,https://aws.amazon.com/kms/
ap-southeast-2,AWS Lake Formation,https://aws.amazon.com/lake-formation/
ap-southeast-2,AWS Lambda,https://aws.amazon.com/lambda/
ap-southeast-2,AWS Launch Wizard,https://aws.amazon.com/launchwizard/
ap-southeast-2,AWS License Manager,https://aws.amazon.com/license-manager/
ap-southeast-2,AWS Mainframe Modernization,https://aws.amazon.com/mainframe-modernization/
ap-southeast-2,AWS Managed Services,https://aws.amazon.com/managed-services/
ap-southeast-2,AWS Marketplace,https://aws.amazon.com/mp/
ap-southeast-2,AWS Migration Hub,https://aws.amazon.com/migration-hub/
ap-southeast-2,AWS Network Firewall,https://aws.amazon.com/network-firewall/
ap-southeast-2,AWS OpsWorks Stacks,https://aws.amazon.com/opsworks/stacks/
ap-southeast-2,AWS OpsWorks for Chef Automate,https://aws.amazon.com/opsworks/chefautomate/
ap-southeast-2,AWS OpsWorks for Puppet Enterprise,https://aws.amazon.com/opsworks/puppetenterprise/
ap-southeast-2,AWS Organizations,https://aws.amazon.com/organizations
ap-southeast-2,AWS Outposts,https://aws.amazon.com/outposts/
ap-southeast-2,AWS Private Certificate Authority,https://aws.amazon.com/private-ca/
ap-southeast-2,AWS PrivateLink,https://aws.amazon.com/privatelink/
ap-southeast-2,AWS Proton,https://aws.amazon.com/proton/
ap-southeast-2,AWS Resilience Hub,https://aws.amazon.com/resilience-hub/
ap-southeast-2,AWS Resource Access Manager (RAM),https://aws.amazon.com/ram/
ap-southeast-2,AWS Resource Explorer,https://aws.amazon.com/resourceexplorer/
ap-southeast-2,AWS Resource Groups,https://docs.aws.amazon.com/ARG/index.html
ap-southeast-2,AWS Secrets Manager,https://aws.amazon.com/secrets-manager/
ap-southeast-2,AWS Security Hub,https://aws.amazon.com/security-hub/
ap-southeast-2,AWS Serverless Application Repository,https://aws.amazon.com/serverless/serverlessrepo/
ap-southeast-2,AWS Service Catalog,https://aws.amazon.com/servicecatalog/
ap-southeast-2,AWS Shield,https://aws.amazon.com/shield/
ap-southeast-2,AWS Signer,https://docs.aws.amazon.com/signer/latest/developerguide/Welcome.html
ap-southeast-2,AWS SimSpace Weaver,https://aws.amazon.com/simspaceweaver/
ap-southeast-2,AWS Snowball,https://aws.amazon.com/snowball/
ap-southeast-2,AWS Snowcone,https://aws.amazon.com/snowcone/
ap-southeast-2,AWS Step Functions,https://aws.amazon.com/step-functions/details/
ap-southeast-2,AWS Storage Gateway,https://aws.amazon.com/storagegateway/
ap-southeast-2,AWS Support,https://aws.amazon.com/premiumsupport/
ap-southeast-2,AWS Systems Manager,https://aws.amazon.com/systems-manager/
ap-southeast-2,AWS Telco Network Builder,https://aws.amazon.com/tnb/
ap-southeast-2,AWS Transfer Family,https://aws.amazon.com/aws-transfer-family/
ap-southeast-2,AWS Transit Gateway,https://aws.amazon.com/transit-gateway/
ap-southeast-2,AWS Trusted Advisor,https://aws.amazon.com/premiumsupport/trustedadvisor/
ap-southeast-2,AWS User Notifications,https://aws.amazon.com/notifications/
ap-southeast-2,AWS VPN,https://aws.amazon.com/vpn/
ap-southeast-2,AWS Verified Access,https://aws.amazon.com/verified-access/
ap-southeast-2,AWS WAF,https://aws.amazon.com/waf/
ap-southeast-2,AWS Well-Architected Tool,https://aws.amazon.com/well-architected-tool
ap-southeast-2,AWS Wickr,https://aws.amazon.com/wickr/
ap-southeast-2,AWS X-Ray,https://aws.amazon.com/xray/
ap-southeast-2,Amazon API Gateway,https://aws.amazon.com/api-gateway/
ap-southeast-2,Amazon AppFlow,https://aws.amazon.com/appflow/
ap-southeast-2,Amazon AppStream 2.0,https://aws.amazon.com/appstream2/
ap-southeast-2,Amazon Application Recovery Controller,https://aws.amazon.com/application-recovery-controller/
ap-southeast-2,Amazon Athena,https://aws.amazon.com/athena/
ap-southeast-2,Amazon Augmented AI (A2I),https://aws.amazon.com/augmented-ai/
ap-southeast-2,Amazon Aurora,https://aws.amazon.com/rds/aurora/
ap-southeast-2,Amazon Bedrock,https://aws.amazon.com/bedrock/
ap-southeast-2,Amazon Chime,https://chime.aws/
ap-southeast-2,Amazon Chime SDK,https://aws.amazon.com/chime/chime-sdk/
ap-southeast-2,Amazon Cloud Directory,https://aws.amazon.com/cloud-directory/
ap-southeast-2,Amazon CloudFront,https://aws.amazon.com/cloudfront/
ap-southeast-2,Amazon CloudSearch,https://aws.amazon.com/cloudsearch/
ap-southeast-2,Amazon CloudWatch,https://aws.amazon.com/cloudwatch/
ap-southeast-2,Amazon CloudWatch Logs,https://aws.amazon.com/cloudwatch/
ap-southeast-2,Amazon CodeGuru,https://aws.amazon.com/codeguru/
ap-southeast-2,Amazon Cognito,https://aws.amazon.com/cognito/
ap-southeast-2,Amazon Comprehend,https://aws.amazon.com/comprehend/
ap-southeast-2,Amazon Comprehend Medical,https://aws.amazon.com/comprehend/medical/
ap-southeast-2,Amazon Connect,https://aws.amazon.com/connect/
ap-southeast-2,Amazon Data Firehose,https://aws.amazon.com/firehose/
ap-southeast-2,Amazon DataZone,https://aws.amazon.com/datazone/
ap-southeast-2,Amazon Detective,https://aws.amazon.com/detective/
ap-southeast-2,Amazon DevOps Guru,https://aws.amazon.com/devops-guru/
ap-southeast-2,Amazon DocumentDB (with MongoDB compatibility),https://aws.amazon.com/documentdb/
ap-southeast-2,Amazon DynamoDB,https://aws.amazon.com/dynamodb/
ap-southeast-2,Amazon DynamoDB Accelerator,https://aws.amazon.com/dynamodb/dax/
ap-southeast-2,Amazon EC2 Auto Scaling,https://aws.amazon.com/ec2/autoscaling/
ap-southeast-2,Amazon ElastiCache,https://aws.amazon.com/elasticache/
ap-southeast-2,Amazon Elastic Block Store (EBS),https://aws.amazon.com/ebs/
ap-southeast-2,Amazon Elastic Compute Cloud (EC2),https://aws.amazon.com/ec2/
ap-southeast-2,Amazon Elastic Container Registry (ECR),https://aws.amazon.com/ecr/
ap-southeast-2,Amazon Elastic Container Service (ECS),https://aws.amazon.com/ecs/
ap-southeast-2,Amazon Elastic File System (EFS),https://aws.amazon.com/efs/
ap-southeast-2,Amazon Elastic Kubernetes Service (EKS),https://aws.amazon.com/eks
ap-southeast-2,Amazon Elastic MapReduce (EMR),https://aws.amazon.com/emr/
ap-southeast-2,Amazon Elastic Transcoder,https://aws.amazon.com/elastictranscoder/
ap-southeast-2,Amazon EventBridge,https://aws.amazon.com/eventbridge/
ap-southeast-2,Amazon FSx,https://aws.amazon.com/fsx/
ap-southeast-2,Amazon FSx for Lustre,https://aws.amazon.com/fsx/lustre/
ap-southeast-2,Amazon FSx for NetApp ONTAP,https://aws.amazon.com/fsx/netapp-ontap
ap-southeast-2,Amazon FSx for OpenZFS,https://aws.amazon.com/fsx/openzfs
ap-southeast-2,Amazon FSx for Windows File Server,https://aws.amazon.com/fsx/windows/
ap-southeast-2,Amazon File Cache,https://aws.amazon.com/filecache/
ap-southeast-2,Amazon FinSpace,https://aws.amazon.com/finspace/
ap-southeast-2,Amazon Forecast,https://aws.amazon.com/forecast/
ap-southeast-2,Amazon Fraud Detector,https://aws.amazon.com/fraud-detector/
ap-southeast-2,Amazon GameLift,https://aws.amazon.com/gamelift/
ap-southeast-2,Amazon GuardDuty,https://aws.amazon.com/guardduty/
ap-southeast-2,Amazon Inspector,https://aws.amazon.com/inspector/
ap-southeast-2,Amazon Inspector Classic,https://docs.aws.amazon.com/inspector/v1/userguide/inspector_introduction.html
ap-southeast-2,Amazon Kendra,https://aws.amazon.com/kendra/
ap-southeast-2,Amazon Keyspaces (for Apache Cassandra),https://aws.amazon.com/keyspaces/
ap-southeast-2,Amazon Kinesis Data Streams,https://aws.amazon.com/kinesis/streams/
ap-southeast-2,Amazon Kinesis Video Streams,https://aws.amazon.com/kinesis/video-streams/
ap-southeast-2,Amazon Lex,https://aws.amazon.com/lex/
ap-southeast-2,Amazon Lightsail,https://amazonlightsail.com/
ap-southeast-2,Amazon Location Service,https://aws.amazon.com/location
ap-southeast-2,Amazon Lookout for Metrics,https://aws.amazon.com/lookout-for-metrics/
ap-southeast-2,Amazon Lumberyard,https://aws.amazon.com/lumberyard/
ap-southeast-2,Amazon MQ,https://aws.amazon.com/amazon-mq/
ap-southeast-2,Amazon Macie,https://aws.amazon.com/macie/
ap-southeast-2,Amazon Managed Grafana,https://aws.amazon.com/grafana/
ap-southeast-2,Amazon Managed Service for Apache Flink,https://aws.amazon.com/managed-service-apache-flink/
ap-southeast-2,Amazon Managed Service for Prometheus,https://aws.amazon.com/prometheus/
ap-southeast-2,Amazon Managed Streaming for Apache Kafka,https://aws.amazon.com/msk/
ap-southeast-2,Amazon Managed Workflows for Apache Airflow,https://aws.amazon.com/managed-workflows-for-apache-airflow/
ap-southeast-2,Amazon MemoryDB,https://aws.amazon.com/memorydb
ap-southeast-2,Amazon Monitron,https://aws.amazon.com/pm/monitron/
ap-southeast-2,Amazon Neptune,https://aws.amazon.com/neptune/
ap-southeast-2,Amazon Nimble Studio,https://aws.amazon.com/nimble-studio/
ap-southeast-2,Amazon OpenSearch Service,https://aws.amazon.com/opensearch-service/
ap-southeast-2,Amazon Personalize,https://aws.amazon.com/personalize/
ap-southeast-2,Amazon Pinpoint and End User Messaging,https://aws.amazon.com/end-user-messaging/amazon-pinpoint-aws-end-user-messaging-landing-page/
ap-southeast-2,Amazon Polly,https://aws.amazon.com/polly/
ap-southeast-2,Amazon Quantum Ledger Database (QLDB),https://aws.amazon.com/qldb/
ap-southeast-2,Amazon QuickSight,https://aws.amazon.com/quicksight/
ap-southeast-2,Amazon Redshift,https://aws.amazon.com/redshift/
ap-southeast-2,Amazon Rekognition,https://aws.amazon.com/rekognition/
ap-southeast-2,Amazon Relational Database Service (RDS),https://aws.amazon.com/rds/
ap-southeast-2,Amazon Route 53,https://aws.amazon.com/route53/
ap-southeast-2,Amazon SageMaker,https://aws.amazon.com/sagemaker/
ap-southeast-2,Amazon Security Lake,https://aws.amazon.com/security-lake/
ap-southeast-2,Amazon Simple Email Service (SES),https://aws.amazon.com/ses/
ap-southeast-2,Amazon Simple Notification Service (SNS),https://aws.amazon.com/sns/
ap-southeast-2,Amazon Simple Queue Service (SQS),https://aws.amazon.com/sqs/
ap-southeast-2,Amazon Simple Storage Service (S3),https://aws.amazon.com/s3/
ap-southeast-2,Amazon Simple Workflow Service (SWF),https://aws.amazon.com/swf/
ap-southeast-2,Amazon SimpleDB,https://aws.amazon.com/simpledb/
ap-southeast-2,Amazon Textract,https://aws.amazon.com/textract
ap-southeast-2,Amazon Timestream,https://aws.amazon.com/timestream
ap-southeast-2,Amazon Transcribe,https://aws.amazon.com/transcribe/
ap-southeast-2,Amazon Translate,https://aws.amazon.com/translate/
ap-southeast-2,Amazon VPC Lattice,https://aws.amazon.com/vpc/lattice/
ap-southeast-2,Amazon Verified Permissions,https://aws.amazon.com/verified-permissions/
ap-southeast-2,Amazon Virtual Private Cloud (VPC),https://aws.amazon.com/vpc/
ap-southeast-2,Amazon WorkDocs,https://aws.amazon.com/workdocs/
ap-southeast-2,Amazon WorkSpaces,https://aws.amazon.com/workspaces/
ap-southeast-2,Amazon WorkSpaces Secure Browser,https://aws.amazon.com/workspaces/secure-browser/
ap-southeast-2,CloudEndure Disaster Recovery,https://aws.amazon.com/cloudendure-disaster-recovery/
ap-southeast-2,CloudEndure Migration,https://aws.amazon.com/cloudendure-migration/
ap-southeast-2,EC2 Image Builder,https://aws.amazon.com/image-builder/
ap-southeast-2,Elastic Load Balancing,https://aws.amazon.com/elasticloadbalancing/
ap-southeast-2,FreeRTOS,https://aws.amazon.com/freertos/
ap-southeast-2,Red Hat OpenShift Service on AWS (ROSA),https://aws.amazon.com/rosa/
ap-southeast-2,VMware Cloud on AWS,https://aws.amazon.com/vmware/
ap-southeast-3,AWS App Mesh,https://aws.amazon.com/app-mesh/
ap-southeast-3,AWS AppSync,https://aws.amazon.com/appsync/
ap-southeast-3,AWS Application Migration Service (MGN),https://aws.amazon.com/application-migration-service/
ap-southeast-3,AWS Artifact,https://aws.amazon.com/artifact/
ap-southeast-3,AWS Auto Scaling,https://aws.amazon.com/autoscaling/
ap-southeast-3,AWS Backup,https://aws.amazon.com/backup/
ap-southeast-3,AWS Batch,https://aws.amazon.com/batch/
ap-southeast-3,AWS Certificate Manager,https://aws.amazon.com/certificate-manager/
ap-southeast-3,AWS Chatbot,https://aws.amazon.com/chatbot/
ap-southeast-3,AWS Cloud Control API,https://aws.amazon.com/cloudcontrolapi/
ap-southeast-3,AWS Cloud Map,https://aws.amazon.com/cloud-map/
ap-southeast-3,AWS CloudFormation,https://aws.amazon.com/cloudformation/
ap-southeast-3,AWS CloudHSM,https://aws.amazon.com/cloudhsm/
ap-southeast-3,AWS CloudShell,https://aws.amazon.com/cloudshell/
ap-southeast-3,AWS CloudTrail,https://aws.amazon.com/cloudtrail/
ap-southeast-3,AWS CodeBuild,https://aws.amazon.com/codebuild/
ap-southeast-3,AWS CodeCommit,https://aws.amazon.com/codecommit/
ap-southeast-3,AWS CodeDeploy,https://aws.amazon.com/codedeploy/
ap-southeast-3,AWS CodePipeline,https://aws.amazon.com/codepipeline/
ap-southeast-3,AWS Compute Optimizer,https://aws.amazon.com/compute-optimizer/
ap-southeast-3,AWS Config,https://aws.amazon.com/config/
ap-southeast-3,AWS Control Tower,https://aws.amazon.com/controltower
ap-southeast-3,AWS DataSync,https://aws.amazon.com/datasync
ap-southeast-3,AWS Database Migration Service,https://aws.amazon.com/dms/
ap-southeast-3,AWS Direct Connect,https://aws.amazon.com/directconnect/
ap-southeast-3,AWS Directory Service,https://aws.amazon.com/directoryservice/
ap-southeast-3,AWS Elastic Beanstalk,https://aws.amazon.com/elasticbeanstalk/
ap-southeast-3,AWS Elastic Disaster Recovery (DRS),https://aws.amazon.com/disaster-recovery/
ap-southeast-3,AWS Fargate,https://aws.amazon.com/fargate/
ap-southeast-3,AWS Firewall Manager,https://aws.amazon.com/firewall-manager/
ap-southeast-3,AWS Global Accelerator,https://aws.amazon.com/global-accelerator
ap-southeast-3,AWS Glue,https://aws.amazon.com/glue/
ap-southeast-3,AWS Health Dashboard,https://aws.amazon.com/premiumsupport/technology/aws-health-dashboard/
ap-southeast-3,AWS IAM Identity Center,https://aws.amazon.com/iam/identity-center/
ap-southeast-3,AWS Identity and Access Management (IAM),https://aws.amazon.com/iam
ap-southeast-3,AWS Key Management Service,https://aws.amazon.com/kms/
ap-southeast-3,AWS Lake Formation,https://aws.amazon.com/lake-formation/
ap-southeast-3,AWS Lambda,https://aws.amazon.com/lambda/
ap-southeast-3,AWS Launch Wizard,https://aws.amazon.com/launchwizard/
ap-southeast-3,AWS License Manager,https://aws.amazon.com/license-manager/
ap-southeast-3,AWS Managed Services,https://aws.amazon.com/managed-services/
ap-southeast-3,AWS Marketplace,https://aws.amazon.com/mp/
ap-southeast-3,AWS Network Firewall,https://aws.amazon.com/network-firewall/
ap-southeast-3,AWS Organizations,https://aws.amazon.com/organizations
ap-southeast-3,AWS Outposts,https://aws.amazon.com/outposts/
ap-southeast-3,AWS Private Certificate Authority,https://aws.amazon.com/private-ca/
ap-southeast-3,AWS PrivateLink,https://aws.amazon.com/privatelink/
ap-southeast-3,AWS Resource Access Manager (RAM),https://aws.amazon.com/ram/
ap-southeast-3,AWS Resource Explorer,https://aws.amazon.com/resourceexplorer/
ap-southeast-3,AWS Resource Groups,https://docs.aws.amazon.com/ARG/index.html
ap-southeast-3,AWS Secrets Manager,https://aws.amazon.com/secrets-manager/
ap-southeast-3,AWS Security Hub,https://aws.amazon.com/security-hub/
ap-southeast-3,AWS Service Catalog,https://aws.amazon.com/servicecatalog/
ap-southeast-3,AWS Shield,https://aws.amazon.com/shield/
ap-southeast-3,AWS Snowball,https://aws.amazon.com/snowball/
ap-southeast-3,AWS Step Functions,https://aws.amazon.com/step-functions/details/
ap-southeast-3,AWS Storage Gateway,https://aws.amazon.com/storagegateway/
ap-southeast-3,AWS Support,https://aws.amazon.com/premiumsupport/
ap-southeast-3,AWS Systems Manager,https://aws.amazon.com/systems-manager/
ap-southeast-3,AWS Transfer Family,https://aws.amazon.com/aws-transfer-family/
ap-southeast-3,AWS Transit Gateway,https://aws.amazon.com/transit-gateway/
ap-southeast-3,AWS Trusted Advisor,https://aws.amazon.com/premiumsupport/trustedadvisor/
ap-southeast-3,AWS User Notifications,https://aws.amazon.com/notifications/
ap-southeast-3,AWS VPN,https://aws.amazon.com/vpn/
ap-southeast-3,AWS Verified Access,https://aws.amazon.com/verified-access/
ap-southeast-3,AWS WAF,https://aws.amazon.com/waf/
ap-southeast-3,AWS X-Ray,https://aws.amazon.com/xray/
ap-southeast-3,Amazon API Gateway,https://aws.amazon.com/api-gateway/
ap-southeast-3,Amazon Application Recovery Controller,https://aws.amazon.com/application-recovery-controller/
ap-southeast-3,Amazon Athena,https://aws.amazon.com/athena/
ap-southeast-3,Amazon Aurora,https://aws.amazon.com/rds/aurora/
ap-southeast-3,Amazon CloudFront,https://aws.amazon.com/cloudfront/
ap-southeast-3,Amazon CloudWatch,https://aws.amazon.com/cloudwatch/
ap-southeast-3,Amazon CloudWatch Logs,https://aws.amazon.com/cloudwatch/
ap-southeast-3,Amazon Cognito,https://aws.amazon.com/cognito/
ap-southeast-3,Amazon Data Firehose,https://aws.amazon.com/firehose/
ap-southeast-3,Amazon DynamoDB,https://aws.amazon.com/dynamodb/
ap-southeast-3,Amazon EC2 Auto Scaling,https://aws.amazon.com/ec2/autoscaling/
ap-southeast-3,Amazon ElastiCache,https://aws.amazon.com/elasticache/
ap-southeast-3,Amazon Elastic Block Store (EBS),https://aws.amazon.com/ebs/
ap-southeast-3,Amazon Elastic Compute Cloud (EC2),https://aws.amazon.com/ec2/
ap-southeast-3,Amazon Elastic Container Registry (ECR),https://aws.amazon.com/ecr/
ap-southeast-3,Amazon Elastic Container Service (ECS),https://aws.amazon.com/ecs/
ap-southeast-3,Amazon Elastic File System (EFS),https://aws.amazon.com/efs/
ap-southeast-3,Amazon Elastic Kubernetes Service (EKS),https://aws.amazon.com/eks
ap-southeast-3,Amazon Elastic MapReduce (EMR),https://aws.amazon.com/emr/
ap-southeast-3,Amazon EventBridge,https://aws.amazon.com/eventbridge/
ap-southeast-3,Amazon FSx,https://aws.amazon.com/fsx/
ap-southeast-3,Amazon FSx for Lustre,https://aws.amazon.com/fsx/lustre/
ap-southeast-3,Amazon FSx for NetApp ONTAP,https://aws.amazon.com/fsx/netapp-ontap
ap-southeast-3,Amazon FSx for OpenZFS,https://aws.amazon.com/fsx/openzfs
ap-southeast-3,Amazon FSx for Windows File Server,https://aws.amazon.com/fsx/windows/
ap-southeast-3,Amazon GuardDuty,https://aws.amazon.com/guardduty/
ap-southeast-3,Amazon Inspector,https://aws.amazon.com/inspector/
ap-southeast-3,Amazon Kinesis Data Streams,https://aws.amazon.com/kinesis/streams/
ap-southeast-3,Amazon MQ,https://aws.amazon.com/amazon-mq/
ap-southeast-3,Amazon Managed Service for Apache Flink,https://aws.amazon.com/managed-service-apache-flink/
ap-southeast-3,Amazon Managed Streaming for Apache Kafka,https://aws.amazon.com/msk/
ap-southeast-3,Amazon Managed Workflows for Apache Airflow,https://aws.amazon.com/managed-workflows-for-apache-airflow/
ap-southeast-3,Amazon Neptune,https://aws.amazon.com/neptune/
ap-southeast-3,Amazon OpenSearch Service,https://aws.amazon.com/opensearch-service/
ap-southeast-3,Amazon Pinpoint and End User Messaging,https://aws.amazon.com/end-user-messaging/amazon-pinpoint-aws-end-user-messaging-landing-page/
ap-southeast-3,Amazon QuickSight,https://aws.amazon.com/quicksight/
ap-southeast-3,Amazon Redshift,https://aws.amazon.com/redshift/
ap-southeast-3,Amazon Relational Database Service (RDS),https://aws.amazon.com/rds/
ap-southeast-3,Amazon Route 53,https://aws.amazon.com/route53/
ap-southeast-3,Amazon SageMaker,https://aws.amazon.com/sagemaker/
ap-southeast-3,Amazon Simple Email Service (SES),https://aws.amazon.com/ses/
ap-southeast-3,Amazon Simple Notification Service (SNS),https://aws.amazon.com/sns/
ap-southeast-3,Amazon Simple Queue Service (SQS),https://aws.amazon.com/sqs/
ap-southeast-3,Amazon Simple Storage Service (S3),https://aws.amazon.com/s3/
ap-southeast-3,Amazon Simple Workflow Service (SWF),https://aws.amazon.com/swf/
ap-southeast-3,Amazon Verified Permissions,https://aws.amazon.com/verified-permissions/
ap-southeast-3,Amazon Virtual Private Cloud (VPC),https://aws.amazon.com/vpc/
ap-southeast-3,EC2 Image Builder,https://aws.amazon.com/image-builder/
ap-southeast-3,Elastic Load Balancing,https://aws.amazon.com/elasticloadbalancing/
ap-southeast-3,Red Hat OpenShift Service on AWS (ROSA),https://aws.amazon.com/rosa/
ap-southeast-4,AWS AppSync,https://aws.amazon.com/appsync/
ap-southeast-4,AWS Application Migration Service (MGN),https://aws.amazon.com/application-migration-service/
ap-southeast-4,AWS Artifact,https://aws.amazon.com/artifact/
ap-southeast-4,AWS Backup,https://aws.amazon.com/backup/
ap-southeast-4,AWS Batch,https://aws.amazon.com/batch/
ap-southeast-4,AWS Certificate Manager,https://aws.amazon.com/certificate-manager/
ap-southeast-4,AWS Chatbot,https://aws.amazon.com/chatbot/
ap-southeast-4,AWS Cloud Control API,https://aws.amazon.com/cloudcontrolapi/
ap-southeast-4,AWS Cloud Map,https://aws.amazon.com/cloud-map/
ap-southeast-4,AWS CloudFormation,https://aws.amazon.com/cloudformation/
ap-southeast-4,AWS CloudTrail,https://aws.amazon.com/cloudtrail/
ap-southeast-4,AWS CodeBuild,https://aws.amazon.com/codebuild/
ap-southeast-4,AWS CodeDeploy,https://aws.amazon.com/codedeploy/
ap-southeast-4,AWS CodePipeline,https://aws.amazon.com/codepipeline/
ap-southeast-4,AWS Compute Optimizer,https://aws.amazon.com/compute-optimizer/
ap-southeast-4,AWS Config,https://aws.amazon.com/config/
ap-southeast-4,AWS Control Tower,https://aws.amazon.com/controltower
ap-southeast-4,AWS DataSync,https://aws.amazon.com/datasync
ap-southeast-4,AWS Database Migration Service,https://aws.amazon.com/dms/
ap-southeast-4,AWS Direct Connect,https://aws.amazon.com/directconnect/
ap-southeast-4,AWS Directory Service,https://aws.amazon.com/directoryservice/
ap-southeast-4,AWS Elastic Disaster Recovery (DRS),https://aws.amazon.com/disaster-recovery/
ap-southeast-4,AWS Elemental MediaConnect,https://aws.amazon.com/mediaconnect
ap-southeast-4,AWS Elemental MediaConvert,https://aws.amazon.com/mediaconvert/
ap-southeast-4,AWS Elemental MediaLive,https://aws.amazon.com/medialive/
ap-southeast-4,AWS Elemental MediaPackage,https://aws.amazon.com/mediapackage/
ap-southeast-4,AWS Elemental MediaTailor,https://aws.amazon.com/mediatailor/
ap-southeast-4,AWS Fargate,https://aws.amazon.com/fargate/
ap-southeast-4,AWS Firewall Manager,https://aws.amazon.com/firewall-manager/
ap-southeast-4,AWS Global Accelerator,https://aws.amazon.com/global-accelerator
ap-southeast-4,AWS Glue,https://aws.amazon.com/glue/
ap-southeast-4,AWS Health Dashboard,https://aws.amazon.com/premiumsupport/technology/aws-health-dashboard/
ap-southeast-4,AWS IAM Identity Center,https://aws.amazon.com/iam/identity-center/
ap-southeast-4,AWS Identity and Access Management (IAM),https://aws.amazon.com/iam
ap-southeast-4,AWS Key Management Service,https://aws.amazon.com/kms/
ap-southeast-4,AWS Lake Formation,https://aws.amazon.com/lake-formation/
ap-southeast-4,AWS Lambda,https://aws.amazon.com/lambda/
ap-southeast-4,AWS Launch Wizard,https://aws.amazon.com/launchwizard/
ap-southeast-4,AWS License Manager,https://aws.amazon.com/license-manager/
ap-southeast-4,AWS Marketplace,https://aws.amazon.com/mp/
ap-southeast-4,AWS Network Firewall,https://aws.amazon.com/network-firewall/
ap-southeast-4,AWS Organizations,https://aws.amazon.com/organizations
ap-southeast-4,AWS Private Certificate Authority,https://aws.amazon.com/private-ca/
ap-southeast-4,AWS PrivateLink,https://aws.amazon.com/privatelink/
ap-southeast-4,AWS Resource Access Manager (RAM),https://aws.amazon.com/ram/
ap-southeast-4,AWS Resource Explorer,https://aws.amazon.com/resourceexplorer/
ap-southeast-4,AWS Resource Groups,https://docs.aws.amazon.com/ARG/index.html
ap-southeast-4,AWS Secrets Manager,https://aws.amazon.com/secrets-manager/
ap-southeast-4,AWS Security Hub,https://aws.amazon.com/security-hub/
ap-southeast-4,AWS Service Catalog,https://aws.amazon.com/servicecatalog/
ap-southeast-4,AWS Shield,https://aws.amazon.com/shield/
ap-southeast-4,AWS Step Functions,https://aws.amazon.com/step-functions/details/
ap-southeast-4,AWS Storage Gateway,https://aws.amazon.com/storagegateway/
ap-southeast-4,AWS Support,https://aws.amazon.com/premiumsupport/
ap-southeast-4,AWS Systems Manager,https://aws.amazon.com/systems-manager/
ap-southeast-4,AWS Transfer Family,https://aws.amazon.com/aws-transfer-family/
ap-southeast-4,AWS Transit Gateway,https://aws.amazon.com/transit-gateway/
ap-southeast-4,AWS Trusted Advisor,https://aws.amazon.com/premiumsupport/trustedadvisor/
ap-southeast-4,AWS User Notifications,https://aws.amazon.com/notifications/
ap-southeast-4,AWS VPN,https://aws.amazon.com/vpn/
ap-southeast-4,AWS WAF,https://aws.amazon.com/waf/
ap-southeast-4,AWS X-Ray,https://aws.amazon.com/xray/
ap-southeast-4,Amazon API Gateway,https://aws.amazon.com/api-gateway/
ap-southeast-4,Amazon Application Recovery Controller,https://aws.amazon.com/application-recovery-controller/
ap-southeast-4,Amazon Athena,https://aws.amazon.com/athena/
ap-southeast-4,Amazon Aurora,https://aws.amazon.com/rds/aurora/
ap-southeast-4,Amazon CloudFront,https://aws.amazon.com/cloudfront/
ap-southeast-4,Amazon CloudWatch,https://aws.amazon.com/cloudwatch/
ap-southeast-4,Amazon CloudWatch Logs,https://aws.amazon.com/cloudwatch/
ap-southeast-4,Amazon Cognito,https://aws.amazon.com/cognito/
ap-southeast-4,Amazon Data Firehose,https://aws.amazon.com/firehose/
ap-southeast-4,Amazon DynamoDB,https://aws.amazon.com/dynamodb/
ap-southeast-4,Amazon EC2 Auto Scaling,https://aws.amazon.com/ec2/autoscaling/
ap-southeast-4,Amazon ElastiCache,https://aws.amazon.com/elasticache/
ap-southeast-4,Amazon Elastic Block Store (EBS),https://aws.amazon.com/ebs/
ap-southeast-4,Amazon Elastic Compute Cloud (EC2),https://aws.amazon.com/ec2/
ap-southeast-4,Amazon Elastic Container Registry (ECR),https://aws.amazon.com/ecr/
ap-southeast-4,Amazon Elastic Container Service (ECS),https://aws.amazon.com/ecs/
ap-southeast-4,Amazon Elastic File System (EFS),https://aws.amazon.com/efs/
ap-southeast-4,Amazon Elastic Kubernetes Service (EKS),https://aws.amazon.com/eks
ap-southeast-4,Amazon Elastic MapReduce (EMR),https://aws.amazon.com/emr/
ap-southeast-4,Amazon EventBridge,https://aws.amazon.com/eventbridge/
ap-southeast-4,Amazon FSx,https://aws.amazon.com/fsx/
ap-southeast-4,Amazon FSx for Lustre,https://aws.amazon.com/fsx/lustre/
ap-southeast-4,Amazon FSx for NetApp ONTAP,https://aws.amazon.com/fsx/netapp-ontap
ap-southeast-4,Amazon FSx for Windows File Server,https://aws.amazon.com/fsx/windows/
ap-southeast-4,Amazon GuardDuty,https://aws.amazon.com/guardduty/
ap-southeast-4,Amazon Kinesis Data Streams,https://aws.amazon.com/kinesis/streams/
ap-southeast-4,Amazon MQ,https://aws.amazon.com/amazon-mq/
ap-southeast-4,Amazon Managed Service for Apache Flink,https://aws.amazon.com/managed-service-apache-flink/
ap-southeast-4,Amazon Managed Streaming for Apache Kafka,https://aws.amazon.com/msk/
ap-southeast-4,Amazon Managed Workflows for Apache Airflow,https://aws.amazon.com/managed-workflows-for-apache-airflow/
ap-southeast-4,Amazon OpenSearch Service,https://aws.amazon.com/opensearch-service/
ap-southeast-4,Amazon Pinpoint and End User Messaging,https://aws.amazon.com/end-user-messaging/amazon-pinpoint-aws-end-user-messaging-landing-page/
ap-southeast-4,Amazon Redshift,https://aws.amazon.com/redshift/
ap-southeast-4,Amazon Relational Database Service (RDS),https://aws.amazon.com/rds/
ap-southeast-4,Amazon Route 53,https://aws.amazon.com/route53/
ap-southeast-4,Amazon SageMaker,https://aws.amazon.com/sagemaker/
ap-southeast-4,Amazon Simple Notification Service (SNS),https://aws.amazon.com/sns/
ap-southeast-4,Amazon Simple Queue Service (SQS),https://aws.amazon.com/sqs/
ap-southeast-4,Amazon Simple Storage Service (S3),https://aws.amazon.com/s3/
ap-southeast-4,Amazon Simple Workflow Service (SWF),https://aws.amazon.com/swf/
ap-southeast-4,Amazon Verified Permissions,https://aws.amazon.com/verified-permissions/
ap-southeast-4,Amazon Virtual Private Cloud (VPC),https://aws.amazon.com/vpc/
ap-southeast-4,EC2 Image Builder,https://aws.amazon.com/image-builder/
ap-southeast-4,Elastic Load Balancing,https://aws.amazon.com/elasticloadbalancing/
ap-southeast-4,Red Hat OpenShift Service on AWS (ROSA),https://aws.amazon.com/rosa/
ap-southeast-4,VMware Cloud on AWS,https://aws.amazon.com/vmware/
ap-southeast-5,AWS Artifact,https://aws.amazon.com/artifact/
ap-southeast-5,AWS Backup,https://aws.amazon.com/backup/
ap-southeast-5,AWS Batch,https://aws.amazon.com/batch/
ap-southeast-5,AWS Certificate Manager,https://aws.amazon.com/certificate-manager/
ap-southeast-5,AWS Cloud Control API,https://aws.amazon.com/cloudcontrolapi/
ap-southeast-5,AWS Cloud Map,https://aws.amazon.com/cloud-map/
ap-southeast-5,AWS CloudFormation,https://aws.amazon.com/cloudformation/
ap-southeast-5,AWS CloudTrail,https://aws.amazon.com/cloudtrail/
ap-southeast-5,AWS Config,https://aws.amazon.com/config/
ap-southeast-5,AWS Control Tower,https://aws.amazon.com/controltower
ap-southeast-5,AWS DataSync,https://aws.amazon.com/datasync
ap-southeast-5,AWS Database Migration Service,https://aws.amazon.com/dms/
ap-southeast-5,AWS Direct Connect,https://aws.amazon.com/directconnect/
ap-southeast-5,AWS Directory Service,https://aws.amazon.com/directoryservice/
ap-southeast-5,AWS Fargate,https://aws.amazon.com/fargate/
ap-southeast-5,AWS Firewall Manager,https://aws.amazon.com/firewall-manager/
ap-southeast-5,AWS Health Dashboard,https://aws.amazon.com/premiumsupport/technology/aws-health-dashboard/
ap-southeast-5,AWS Identity and Access Management (IAM),https://aws.amazon.com/iam
ap-southeast-5,AWS Key Management Service,https://aws.amazon.com/kms/
ap-southeast-5,AWS Lambda,https://aws.amazon.com/lambda/
ap-southeast-5,AWS Marketplace,https://aws.amazon.com/mp/
ap-southeast-5,AWS Organizations,https://aws.amazon.com/organizations
ap-southeast-5,AWS Private Certificate Authority,https://aws.amazon.com/private-ca/
ap-southeast-5,AWS PrivateLink,https://aws.amazon.com/privatelink/
ap-southeast-5,AWS Resource Access Manager (RAM),https://aws.amazon.com/ram/
ap-southeast-5,AWS Resource Groups,https://docs.aws.amazon.com/ARG/index.html
ap-southeast-5,AWS Secrets Manager,https://aws.amazon.com/secrets-manager/
ap-southeast-5,AWS Security Hub,https://aws.amazon.com/security-hub/
ap-southeast-5,AWS Step Functions,https://aws.amazon.com/step-functions/details/
ap-southeast-5,AWS Storage Gateway,https://aws.amazon.com/storagegateway/
ap-southeast-5,AWS Support,https://aws.amazon.com/premiumsupport/
ap-southeast-5,AWS Systems Manager,https://aws.amazon.com/systems-manager/
ap-southeast-5,AWS Transit Gateway,https://aws.amazon.com/transit-gateway/
ap-southeast-5,AWS Trusted Advisor,https://aws.amazon.com/premiumsupport/trustedadvisor/
ap-southeast-5,AWS VPN,https://aws.amazon.com/vpn/
ap-southeast-5,AWS WAF,https://aws.amazon.com/waf/
ap-southeast-5,AWS X-Ray,https://aws.amazon.com/xray/
ap-southeast-5,Amazon API Gateway,https://aws.amazon.com/api-gateway/
ap-southeast-5,Amazon Application Recovery Controller,https://aws.amazon.com/application-recovery-controller/
ap-southeast-5,Amazon Aurora,https://aws.amazon.com/rds/aurora/
ap-southeast-5,Amazon CloudFront,https://aws.amazon.com/cloudfront/
ap-southeast-5,Amazon CloudWatch,https://aws.amazon.com/cloudwatch/
ap-southeast-5,Amazon CloudWatch Logs,https://aws.amazon.com/cloudwatch/
ap-southeast-5,Amazon Data Firehose,https://aws.amazon.com/firehose/
ap-southeast-5,Amazon DynamoDB,https://aws.amazon.com/dynamodb/
ap-southeast-5,Amazon EC2 Auto Scaling,https://aws.amazon.com/ec2/autoscaling/
ap-southeast-5,Amazon ElastiCache,https://aws.amazon.com/elasticache/
ap-southeast-5,Amazon Elastic Block Store (EBS),https://aws.amazon.com/ebs/
ap-southeast-5,Amazon Elastic Compute Cloud (EC2),https://aws.amazon.com/ec2/
ap-southeast-5,Amazon Elastic Container Registry (ECR),https://aws.amazon.com/ecr/
ap-southeast-5,Amazon Elastic Container Service (ECS),https://aws.amazon.com/ecs/
ap-southeast-5,Amazon Elastic File System (EFS),https://aws.amazon.com/efs/
ap-southeast-5,Amazon Elastic Kubernetes Service (EKS),https://aws.amazon.com/eks
ap-southeast-5,Amazon Elastic MapReduce (EMR),https://aws.amazon.com/emr/
ap-southeast-5,Amazon EventBridge,https://aws.amazon.com/eventbridge/
ap-southeast-5,Amazon Kinesis Data Streams,https://aws.amazon.com/kinesis/streams/
ap-southeast-5,Amazon OpenSearch Service,https://aws.amazon.com/opensearch-service/
ap-southeast-5,Amazon Redshift,https://aws.amazon.com/redshift/
ap-southeast-5,Amazon Relational Database Service (RDS),https://aws.amazon.com/rds/
ap-southeast-5,Amazon Route 53,https://aws.amazon.com/route53/
ap-southeast-5,Amazon Simple Notification Service (SNS),https://aws.amazon.com/sns/
ap-southeast-5,Amazon Simple Queue Service (SQS),https://aws.amazon.com/sqs/
ap-southeast-5,Amazon Simple Storage Service (S3),https://aws.amazon.com/s3/
ap-southeast-5,Amazon Simple Workflow Service (SWF),https://aws.amazon.com/swf/
ap-southeast-5,Amazon Virtual Private Cloud (VPC),https://aws.amazon.com/vpc/
ap-southeast-5,EC2 Image Builder,https://aws.amazon.com/image-builder/
ap-southeast-5,Elastic Load Balancing,https://aws.amazon.com/elasticloadbalancing/
ca-central-1,AWS Amplify,https://aws.amazon.com/amplify/
ca-central-1,AWS App Mesh,https://aws.amazon.com/app-mesh/
ca-central-1,AWS AppSync,https://aws.amazon.com/appsync/
ca-central-1,AWS Application Migration Service (MGN),https://aws.amazon.com/application-migration-service/
ca-central-1,AWS Artifact,https://aws.amazon.com/artifact/
ca-central-1,AWS Audit Manager,https://aws.amazon.com/audit-manager/
ca-central-1,AWS Auto Scaling,https://aws.amazon.com/autoscaling/
ca-central-1,AWS Backup,https://aws.amazon.com/backup/
ca-central-1,AWS Batch,https://aws.amazon.com/batch/
ca-central-1,AWS Budgets,https://aws.amazon.com/aws-cost-management/aws-budgets/
ca-central-1,AWS Certificate Manager,https://aws.amazon.com/certificate-manager/
ca-central-1,AWS Chatbot,https://aws.amazon.com/chatbot/
ca-central-1,AWS Cloud Control API,https://aws.amazon.com/cloudcontrolapi/
ca-central-1,AWS Cloud Map,https://aws.amazon.com/cloud-map/
ca-central-1,AWS Cloud9,https://aws.amazon.com/cloud9/
ca-central-1,AWS CloudFormation,https://aws.amazon.com/cloudformation/
ca-central-1,AWS CloudHSM,https://aws.amazon.com/cloudhsm/
ca-central-1,AWS CloudShell,https://aws.amazon.com/cloudshell/
ca-central-1,AWS CloudTrail,https://aws.amazon.com/cloudtrail/
ca-central-1,AWS CodeBuild,https://aws.amazon.com/codebuild/
ca-central-1,AWS CodeCommit,https://aws.amazon.com/codecommit/
ca-central-1,AWS CodeDeploy,https://aws.amazon.com/codedeploy/
ca-central-1,AWS CodePipeline,https://aws.amazon.com/codepipeline/
ca-central-1,AWS Compute Optimizer,https://aws.amazon.com/compute-optimizer/
ca-central-1,AWS Config,https://aws.amazon.com/config/
ca-central-1,AWS Control Tower,https://aws.amazon.com/controltower
ca-central-1,AWS DataSync,https://aws.amazon.com/datasync
ca-central-1,AWS Database Migration Service,https://aws.amazon.com/dms/
ca-central-1,AWS Direct Connect,https://aws.amazon.com/directconnect/
ca-central-1,AWS Directory Service,https://aws.amazon.com/directoryservice/
ca-central-1,AWS Elastic Beanstalk,https://aws.amazon.com/elasticbeanstalk/
ca-central-1,AWS Elastic Disaster Recovery (DRS),https://aws.amazon.com/disaster-recovery/
ca-central-1,AWS Elemental MediaConnect,https://aws.amazon.com/mediaconnect
ca-central-1,AWS Elemental MediaConvert,https://aws.amazon.com/mediaconvert/
ca-central-1,AWS Elemental MediaLive,https://aws.amazon.com/medialive/
ca-central-1,AWS Elemental MediaPackage,https://aws.amazon.com/mediapackage/
ca-central-1,AWS Elemental MediaTailor,https://aws.amazon.com/mediatailor/
ca-central-1,AWS Fargate,https://aws.amazon.com/fargate/
ca-central-1,AWS Fault Injection Service,https://aws.amazon.com/fis/
ca-central-1,AWS Firewall Manager,https://aws.amazon.com/firewall-manager/
ca-central-1,AWS Global Accelerator,https://aws.amazon.com/global-accelerator
ca-central-1,AWS Glue,https://aws.amazon.com/glue/
ca-central-1,AWS Health Dashboard,https://aws.amazon.com/premiumsupport/technology/aws-health-dashboard/
ca-central-1,AWS IAM Identity Center,https://aws.amazon.com/iam/identity-center/
ca-central-1,AWS IQ,https://aws.amazon.com/iq/
ca-central-1,AWS Identity and Access Management (IAM),https://aws.amazon.com/iam
ca-central-1,AWS IoT Core,https://aws.amazon.com/iot/
ca-central-1,AWS IoT Device Defender,https://aws.amazon.com/iot-device-defender/
ca-central-1,AWS IoT Device Management,https://aws.amazon.com/iot-device-management/
ca-central-1,AWS IoT Events,https://aws.amazon.com/iot-events/
ca-central-1,AWS IoT Greengrass,https://aws.amazon.com/greengrass/
ca-central-1,AWS IoT SiteWise,https://aws.amazon.com/iot-sitewise/
ca-central-1,AWS Key Management Service,https://aws.amazon.com/kms/
ca-central-1,AWS Lake Formation,https://aws.amazon.com/lake-formation/
ca-central-1,AWS Lambda,https://aws.amazon.com/lambda/
ca-central-1,AWS Launch Wizard,https://aws.amazon.com/launchwizard/
ca-central-1,AWS License Manager,https://aws.amazon.com/license-manager/
ca-central-1,AWS Mainframe Modernization,https://aws.amazon.com/mainframe-modernization/
ca-central-1,AWS Managed Services,https://aws.amazon.com/managed-services/
ca-central-1,AWS Marketplace,https://aws.amazon.com/mp/
ca-central-1,AWS Network Firewall,https://aws.amazon.com/network-firewall/
ca-central-1,AWS OpsWorks Stacks,https://aws.amazon.com/opsworks/stacks/
ca-central-1,AWS Organizations,https://aws.amazon.com/organizations
ca-central-1,AWS Outposts,https://aws.amazon.com/outposts/
ca-central-1,AWS Private Certificate Authority,https://aws.amazon.com/private-ca/
ca-central-1,AWS PrivateLink,https://aws.amazon.com/privatelink/
ca-central-1,AWS Proton,https://aws.amazon.com/proton/
ca-central-1,AWS Resilience Hub,https://aws.amazon.com/resilience-hub/
ca-central-1,AWS Resource Access Manager (RAM),https://aws.amazon.com/ram/
ca-central-1,AWS Resource Explorer,https://aws.amazon.com/resourceexplorer/
ca-central-1,AWS Resource Groups,https://docs.aws.amazon.com/ARG/index.html
ca-central-1,AWS Secrets Manager,https://aws.amazon.com/secrets-manager/
ca-central-1,AWS Security Hub,https://aws.amazon.com/security-hub/
ca-central-1,AWS Serverless Application Repository,https://aws.amazon.com/serverless/serverlessrepo/
ca-central-1,AWS Service Catalog,https://aws.amazon.com/servicecatalog/
ca-central-1,AWS Shield,https://aws.amazon.com/shield/
ca-central-1,AWS Signer,https://docs.aws.amazon.com/signer/latest/developerguide/Welcome.html
ca-central-1,AWS Snowball,https://aws.amazon.com/snowball/
ca-central-1,AWS Snowcone,https://aws.amazon.com/snowcone/
ca-central-1,AWS Step Functions,https://aws.amazon.com/step-functions/details/
ca-central-1,AWS Storage Gateway,https://aws.amazon.com/storagegateway/
ca-central-1,AWS Support,https://aws.amazon.com/premiumsupport/
ca-central-1,AWS Systems Manager,https://aws.amazon.com/systems-manager/
ca-central-1,AWS Telco Network Builder,https://aws.amazon.com/tnb/
ca-central-1,AWS Transfer Family,https://aws.amazon.com/aws-transfer-family/
ca-central-1,AWS Transit Gateway,https://aws.amazon.com/transit-gateway/
ca-central-1,AWS Trusted Advisor,https://aws.amazon.com/premiumsupport/trustedadvisor/
ca-central-1,AWS User Notifications,https://aws.amazon.com/notifications/
ca-central-1,AWS VPN,https://aws.amazon.com/vpn/
ca-central-1,AWS Verified Access,https://aws.amazon.com/verified-access/
ca-central-1,AWS WAF,https://aws.amazon.com/waf/
ca-central-1,AWS Well-Architected Tool,https://aws.amazon.com/well-architected-tool
ca-central-1,AWS Wickr,https://aws.amazon.com/wickr/
ca-central-1,AWS X-Ray,https://aws.amazon.com/xray/
ca-central-1,Amazon API Gateway,https://aws.amazon.com/api-gateway/
ca-central-1,Amazon AppFlow,https://aws.amazon.com/appflow/
ca-central-1,Amazon AppStream 2.0,https://aws.amazon.com/appstream2/
ca-central-1,Amazon Application Recovery Controller,https://aws.amazon.com/application-recovery-controller/
ca-central-1,Amazon Athena,https://aws.amazon.com/athena/
ca-central-1,Amazon Augmented AI (A2I),https://aws.amazon.com/augmented-ai/
ca-central-1,Amazon Aurora,https://aws.amazon.com/rds/aurora/
ca-central-1,Amazon Bedrock,https://aws.amazon.com/bedrock/
ca-central-1,Amazon Chime,https://chime.aws/
ca-central-1,Amazon Chime SDK,https://aws.amazon.com/chime/chime-sdk/
ca-central-1,Amazon Cloud Directory,https://aws.amazon.com/cloud-directory/
ca-central-1,Amazon CloudFront,https://aws.amazon.com/cloudfront/
ca-central-1,Amazon CloudWatch,https://aws.amazon.com/cloudwatch/
ca-central-1,Amazon CloudWatch Logs,https://aws.amazon.com/cloudwatch/
ca-central-1,Amazon Cognito,https://aws.amazon.com/cognito/
ca-central-1,Amazon Comprehend,https://aws.amazon.com/comprehend/
ca-central-1,Amazon Comprehend Medical,https://aws.amazon.com/comprehend/medical/
ca-central-1,Amazon Connect,https://aws.amazon.com/connect/
ca-central-1,Amazon Data Firehose,https://aws.amazon.com/firehose/
ca-central-1,Amazon DataZone,https://aws.amazon.com/datazone/
ca-central-1,Amazon Detective,https://aws.amazon.com/detective/
ca-central-1,Amazon DevOps Guru,https://aws.amazon.com/devops-guru/
ca-central-1,Amazon DocumentDB (with MongoDB compatibility),https://aws.amazon.com/documentdb/
ca-central-1,Amazon DynamoDB,https://aws.amazon.com/dynamodb/
ca-central-1,Amazon EC2 Auto Scaling,https://aws.amazon.com/ec2/autoscaling/
ca-central-1,Amazon ElastiCache,https://aws.amazon.com/elasticache/
ca-central-1,Amazon Elastic Block Store (EBS),https://aws.amazon.com/ebs/
ca-central-1,Amazon Elastic Compute Cloud (EC2),https://aws.amazon.com/ec2/
ca-central-1,Amazon Elastic Container Registry (ECR),https://aws.amazon.com/ecr/
ca-central-1,Amazon Elastic Container Service (ECS),https://aws.amazon.com/ecs/
ca-central-1,Amazon Elastic File System (EFS),https://aws.amazon.com/efs/
ca-central-1,Amazon Elastic Kubernetes Service (EKS),https://aws.amazon.com/eks
ca-central-1,Amazon Elastic MapReduce (EMR),https://aws.amazon.com/emr/
ca-central-1,Amazon EventBridge,https://aws.amazon.com/eventbridge/
ca-central-1,Amazon FSx,https://aws.amazon.com/fsx/
ca-central-1,Amazon FSx for Lustre,https://aws.amazon.com/fsx/lustre/
ca-central-1,Amazon FSx for NetApp ONTAP,https://aws.amazon.com/fsx/netapp-ontap
ca-central-1,Amazon FSx for OpenZFS,https://aws.amazon.com/fsx/openzfs
ca-central-1,Amazon FSx for Windows File Server,https://aws.amazon.com/fsx/windows/
ca-central-1,Amazon File Cache,https://aws.amazon.com/filecache/
ca-central-1,Amazon FinSpace,https://aws.amazon.com/finspace/
ca-central-1,Amazon GameLift,https://aws.amazon.com/gamelift/
ca-central-1,Amazon GuardDuty,https://aws.amazon.com/guardduty/
ca-central-1,Amazon Inspector,https://aws.amazon.com/inspector/
ca-central-1,Amazon Kendra,https://aws.amazon.com/kendra/
ca-central-1,Amazon Keyspaces (for Apache Cassandra),https://aws.amazon.com/keyspaces/
ca-central-1,Amazon Kinesis Data Streams,https://aws.amazon.com/kinesis/streams/
ca-central-1,Amazon Kinesis Video Streams,https://aws.amazon.com/kinesis/video-streams/
ca-central-1,Amazon Lex,https://aws.amazon.com/lex/
ca-central-1,Amazon Lightsail,https://amazonlightsail.com/
ca-central-1,Amazon Location Service,https://aws.amazon.com/location
ca-central-1,Amazon Lumberyard,https://aws.amazon.com/lumberyard/
ca-central-1,Amazon MQ,https://aws.amazon.com/amazon-mq/
ca-central-1,Amazon Macie,https://aws.amazon.com/macie/
ca-central-1,Amazon Managed Service for Apache Flink,https://aws.amazon.com/managed-service-apache-flink/
ca-central-1,Amazon Managed Streaming for Apache Kafka,https://aws.amazon.com/msk/
ca-central-1,Amazon Managed Workflows for Apache Airflow,https://aws.amazon.com/managed-workflows-for-apache-airflow/
ca-central-1,Amazon MemoryDB,https://aws.amazon.com/memorydb
ca-central-1,Amazon Neptune,https://aws.amazon.com/neptune/
ca-central-1,Amazon Nimble Studio,https://aws.amazon.com/nimble-studio/
ca-central-1,Amazon OpenSearch Service,https://aws.amazon.com/opensearch-service/
ca-central-1,Amazon Personalize,https://aws.amazon.com/personalize/
ca-central-1,Amazon Pinpoint and End User Messaging,https://aws.amazon.com/end-user-messaging/amazon-pinpoint-aws-end-user-messaging-landing-page/
ca-central-1,Amazon Polly,https://aws.amazon.com/polly/
ca-central-1,Amazon Quantum Ledger Database (QLDB),https://aws.amazon.com/qldb/
ca-central-1,Amazon QuickSight,https://aws.amazon.com/quicksight/
ca-central-1,Amazon Redshift,https://aws.amazon.com/redshift/
ca-central-1,Amazon Rekognition,https://aws.amazon.com/rekognition/
ca-central-1,Amazon Relational Database Service (RDS),https://aws.amazon.com/rds/
ca-central-1,Amazon Route 53,https://aws.amazon.com/route53/
ca-central-1,Amazon SageMaker,https://aws.amazon.com/sagemaker/
ca-central-1,Amazon Security Lake,https://aws.amazon.com/security-lake/
ca-central-1,Amazon Simple Email Service (SES),https://aws.amazon.com/ses/
ca-central-1,Amazon Simple Notification Service (SNS),https://aws.amazon.com/sns/
ca-central-1,Amazon Simple Queue Service (SQS),https://aws.amazon.com/sqs/
ca-central-1,Amazon Simple Storage Service (S3),https://aws.amazon.com/s3/
ca-central-1,Amazon Simple Workflow Service (SWF),https://aws.amazon.com/swf/
ca-central-1,Amazon Textract,https://aws.amazon.com/textract
ca-central-1,Amazon Transcribe,https://aws.amazon.com/transcribe/
ca-central-1,Amazon Translate,https://aws.amazon.com/translate/
ca-central-1,Amazon VPC Lattice,https://aws.amazon.com/vpc/lattice/
ca-central-1,Amazon Verified Permissions,https://aws.amazon.com/verified-permissions/
ca-central-1,Amazon Virtual Private Cloud (VPC),https://aws.amazon.com/vpc/
ca-central-1,Amazon WorkSpaces,https://aws.amazon.com/workspaces/
ca-central-1,Amazon WorkSpaces Secure Browser,https://aws.amazon.com/workspaces/secure-browser/
ca-central-1,Amazon WorkSpaces Thin Client,https://aws.amazon.com/workspaces/thin-client/
ca-central-1,CloudEndure Disaster Recovery,https://aws.amazon.com/cloudendure-disaster-recovery/
ca-central-1,CloudEndure Migration,https://aws.amazon.com/cloudendure-migration/
ca-central-1,EC2 Image Builder,https://aws.amazon.com/image-builder/
ca-central-1,Elastic Load Balancing,https://aws.amazon.com/elasticloadbalancing/
ca-central-1,FreeRTOS,https://aws.amazon.com/freertos/
ca-central-1,Red Hat OpenShift Service on AWS (ROSA),https://aws.amazon.com/rosa/
ca-central-1,VMware Cloud on AWS,https://aws.amazon.com/vmware/
ca-west-1,AWS Artifact,https://aws.amazon.com/artifact/
ca-west-1,AWS Backup,https://aws.amazon.com/backup/
ca-west-1,AWS Batch,https://aws.amazon.com/batch/
ca-west-1,AWS Certificate Manager,https://aws.amazon.com/certificate-manager/
ca-west-1,AWS Chatbot,https://aws.amazon.com/chatbot/
ca-west-1,AWS Cloud Control API,https://aws.amazon.com/cloudcontrolapi/
ca-west-1,AWS Cloud Map,https://aws.amazon.com/cloud-map/
ca-west-1,AWS CloudFormation,https://aws.amazon.com/cloudformation/
ca-west-1,AWS CloudTrail,https://aws.amazon.com/cloudtrail/
ca-west-1,AWS CodeDeploy,https://aws.amazon.com/codedeploy/
ca-west-1,AWS Config,https://aws.amazon.com/config/
ca-west-1,AWS Control Tower,https://aws.amazon.com/controltower
ca-west-1,AWS DataSync,https://aws.amazon.com/datasync
ca-west-1,AWS Database Migration Service,https://aws.amazon.com/dms/
ca-west-1,AWS Direct Connect,https://aws.amazon.com/directconnect/
ca-west-1,AWS Directory Service,https://aws.amazon.com/directoryservice/
ca-west-1,AWS Fargate,https://aws.amazon.com/fargate/
ca-west-1,AWS Firewall Manager,https://aws.amazon.com/firewall-manager/
ca-west-1,AWS Global Accelerator,https://aws.amazon.com/global-accelerator
ca-west-1,AWS Glue,https://aws.amazon.com/glue/
ca-west-1,AWS Health Dashboard,https://aws.amazon.com/premiumsupport/technology/aws-health-dashboard/
ca-west-1,AWS IAM Identity Center,https://aws.amazon.com/iam/identity-center/
ca-west-1,AWS Identity and Access Management (IAM),https://aws.amazon.com/iam
ca-west-1,AWS Key Management Service,https://aws.amazon.com/kms/
ca-west-1,AWS Lake Formation,https://aws.amazon.com/lake-formation/
ca-west-1,AWS Lambda,https://aws.amazon.com/lambda/
ca-west-1,AWS License Manager,https://aws.amazon.com/license-manager/
ca-west-1,AWS Marketplace,https://aws.amazon.com/mp/
ca-west-1,AWS Network Firewall,https://aws.amazon.com/network-firewall/
ca-west-1,AWS Organizations,https://aws.amazon.com/organizations
ca-west-1,AWS Private Certificate Authority,https://aws.amazon.com/private-ca/
ca-west-1,AWS PrivateLink,https://aws.amazon.com/privatelink/
ca-west-1,AWS Resource Access Manager (RAM),https://aws.amazon.com/ram/
ca-west-1,AWS Resource Explorer,https://aws.amazon.com/resourceexplorer/
ca-west-1,AWS Resource Groups,https://docs.aws.amazon.com/ARG/index.html
ca-west-1,AWS Secrets Manager,https://aws.amazon.com/secrets-manager/
ca-west-1,AWS Security Hub,https://aws.amazon.com/security-hub/
ca-west-1,AWS Shield,https://aws.amazon.com/shield/
ca-west-1,AWS Step Functions,https://aws.amazon.com/step-functions/details/
ca-west-1,AWS Storage Gateway,https://aws.amazon.com/storagegateway/
ca-west-1,AWS Support,https://aws.amazon.com/premiumsupport/
ca-west-1,AWS Systems Manager,https://aws.amazon.com/systems-manager/
ca-west-1,AWS Transfer Family,https://aws.amazon.com/aws-transfer-family/
ca-west-1,AWS Transit Gateway,https://aws.amazon.com/transit-gateway/
ca-west-1,AWS Trusted Advisor,https://aws.amazon.com/premiumsupport/trustedadvisor/
ca-west-1,AWS User Notifications,https://aws.amazon.com/notifications/
ca-west-1,AWS VPN,https://aws.amazon.com/vpn/
ca-west-1,AWS WAF,https://aws.amazon.com/waf/
ca-west-1,AWS X-Ray,https://aws.amazon.com/xray/
ca-west-1,Amazon API Gateway,https://aws.amazon.com/api-gateway/
ca-west-1,Amazon Application Recovery Controller,https://aws.amazon.com/application-recovery-controller/
ca-west-1,Amazon Athena,https://aws.amazon.com/athena/
ca-west-1,Amazon Aurora,https://aws.amazon.com/rds/aurora/
ca-west-1,Amazon CloudFront,https://aws.amazon.com/cloudfront/
ca-west-1,Amazon CloudWatch,https://aws.amazon.com/cloudwatch/
ca-west-1,Amazon CloudWatch Logs,https://aws.amazon.com/cloudwatch/
ca-west-1,Amazon Cognito,https://aws.amazon.com/cognito/
ca-west-1,Amazon Data Firehose,https://aws.amazon.com/firehose/
ca-west-1,Amazon DynamoDB,https://aws.amazon.com/dynamodb/
ca-west-1,Amazon EC2 Auto Scaling,https://aws.amazon.com/ec2/autoscaling/
ca-west-1,Amazon ElastiCache,https://aws.amazon.com/elasticache/
ca-west-1,Amazon Elastic Block Store (EBS),https://aws.amazon.com/ebs/
ca-west-1,Amazon Elastic Compute Cloud (EC2),https://aws.amazon.com/ec2/
ca-west-1,Amazon Elastic Container Registry (ECR),https://aws.amazon.com/ecr/
ca-west-1,Amazon Elastic Container Service (ECS),https://aws.amazon.com/ecs/
ca-west-1,Amazon Elastic File System (EFS),https://aws.amazon.com/efs/
ca-west-1,Amazon Elastic Kubernetes Service (EKS),https://aws.amazon.com/eks
ca-west-1,Amazon Elastic MapReduce (EMR),https://aws.amazon.com/emr/
ca-west-1,Amazon EventBridge,https://aws.amazon.com/eventbridge/
ca-west-1,Amazon FSx,https://aws.amazon.com/fsx/
ca-west-1,Amazon FSx for Lustre,https://aws.amazon.com/fsx/lustre/
ca-west-1,Amazon FSx for NetApp ONTAP,https://aws.amazon.com/fsx/netapp-ontap
ca-west-1,Amazon FSx for OpenZFS,https://aws.amazon.com/fsx/openzfs
ca-west-1,Amazon FSx for Windows File Server,https://aws.amazon.com/fsx/windows/
ca-west-1,Amazon GuardDuty,https://aws.amazon.com/guardduty/
ca-west-1,Amazon Kinesis Data Streams,https://aws.amazon.com/kinesis/streams/
ca-west-1,Amazon MQ,https://aws.amazon.com/amazon-mq/
ca-west-1,Amazon Managed Service for Apache Flink,https://aws.amazon.com/managed-service-apache-flink/
ca-west-1,Amazon Managed Streaming for Apache Kafka,https://aws.amazon.com/msk/
ca-west-1,Amazon Managed Workflows for Apache Airflow,https://aws.amazon.com/managed-workflows-for-apache-airflow/
ca-west-1,Amazon OpenSearch Service,https://aws.amazon.com/opensearch-service/
ca-west-1,Amazon Pinpoint and End User Messaging,https://aws.amazon.com/end-user-messaging/amazon-pinpoint-aws-end-user-messaging-landing-page/
ca-west-1,Amazon Redshift,https://aws.amazon.com/redshift/
ca-west-1,Amazon Relational Database Service (RDS),https://aws.amazon.com/rds/
ca-west-1,Amazon Route 53,https://aws.amazon.com/route53/
ca-west-1,Amazon SageMaker,https://aws.amazon.com/sagemaker/
ca-west-1,Amazon Simple Notification Service (SNS),https://aws.amazon.com/sns/
ca-west-1,Amazon Simple Queue Service (SQS),https://aws.amazon.com/sqs/
ca-west-1,Amazon Simple Storage Service (S3),https://aws.amazon.com/s3/
ca-west-1,Amazon Simple Workflow Service (SWF),https://aws.amazon.com/swf/
ca-west-1,Amazon Verified Permissions,https://aws.amazon.com/verified-permissions/
ca-west-1,Amazon Virtual Private Cloud (VPC),https://aws.amazon.com/vpc/
ca-west-1,EC2 Image Builder,https://aws.amazon.com/image-builder/
ca-west-1,Elastic Load Balancing,https://aws.amazon.com/elasticloadbalancing/
cn-north-1,AWS App Mesh,https://aws.amazon.com/app-mesh/
cn-north-1,AWS AppSync,https://aws.amazon.com/appsync/
cn-north-1,AWS Auto Scaling,https://aws.amazon.com/autoscaling/
cn-north-1,AWS Backup,https://aws.amazon.com/backup/
cn-north-1,AWS Batch,https://aws.amazon.com/batch/
cn-north-1,AWS Budgets,https://aws.amazon.com/aws-cost-management/aws-budgets/
cn-north-1,AWS Certificate Manager,https://aws.amazon.com/certificate-manager/
cn-north-1,AWS Cloud Control API,https://aws.amazon.com/cloudcontrolapi/
cn-north-1,AWS Cloud Map,https://aws.amazon.com/cloud-map/
cn-north-1,AWS CloudFormation,https://aws.amazon.com/cloudformation/
cn-north-1,AWS CloudTrail,https://aws.amazon.com/cloudtrail/
cn-north-1,AWS CodeBuild,https://aws.amazon.com/codebuild/
cn-north-1,AWS CodeCommit,https://aws.amazon.com/codecommit/
cn-north-1,AWS CodeDeploy,https://aws.amazon.com/codedeploy/
cn-north-1,AWS CodePipeline,https://aws.amazon.com/codepipeline/
cn-north-1,AWS Compute Optimizer,https://aws.amazon.com/compute-optimizer/
cn-north-1,AWS Config,https://aws.amazon.com/config/
cn-north-1,AWS DataSync,https://aws.amazon.com/datasync
cn-north-1,AWS Database Migration Service,https://aws.amazon.com/dms/
cn-north-1,AWS Direct Connect,https://aws.amazon.com/directconnect/
cn-north-1,AWS Directory Service,https://aws.amazon.com/directoryservice/
cn-north-1,AWS Elastic Beanstalk,https://aws.amazon.com/elasticbeanstalk/
cn-north-1,AWS Fargate,https://aws.amazon.com/fargate/
cn-north-1,AWS Firewall Manager,https://aws.amazon.com/firewall-manager/
cn-north-1,AWS Glue,https://aws.amazon.com/glue/
cn-north-1,AWS Health Dashboard,https://aws.amazon.com/premiumsupport/technology/aws-health-dashboard/
cn-north-1,AWS IAM Identity Center,https://aws.amazon.com/iam/identity-center/
cn-north-1,AWS Identity and Access Management (IAM),https://aws.amazon.com/iam
cn-north-1,AWS IoT Analytics,https://aws.amazon.com/iot-analytics/
cn-north-1,AWS IoT Core,https://aws.amazon.com/iot/
cn-north-1,AWS IoT Device Defender,https://aws.amazon.com/iot-device-defender/
cn-north-1,AWS IoT Device Management,https://aws.amazon.com/iot-device-management/
cn-north-1,AWS IoT Events,https://aws.amazon.com/iot-events/
cn-north-1,AWS IoT Greengrass,https://aws.amazon.com/greengrass/
cn-north-1,AWS IoT SiteWise,https://aws.amazon.com/iot-sitewise/
cn-north-1,AWS IoT TwinMaker,https://aws.amazon.com/iot-twinmaker/
cn-north-1,AWS Key Management Service,https://aws.amazon.com/kms/
cn-north-1,AWS Lake Formation,https://aws.amazon.com/lake-formation/
cn-north-1,AWS Lambda,https://aws.amazon.com/lambda/
cn-north-1,AWS Launch Wizard,https://aws.amazon.com/launchwizard/
cn-north-1,AWS License Manager,https://aws.amazon.com/license-manager/
cn-north-1,AWS Marketplace,https://aws.amazon.com/mp/
cn-north-1,AWS Network Firewall,https://aws.amazon.com/network-firewall/
cn-north-1,AWS Organizations,https://aws.amazon.com/organizations
cn-north-1,AWS Private Certificate Authority,https://aws.amazon.com/private-ca/
cn-north-1,AWS PrivateLink,https://aws.amazon.com/privatelink/
cn-north-1,AWS Resource Access Manager (RAM),https://aws.amazon.com/ram/
cn-north-1,AWS Resource Groups,https://docs.aws.amazon.com/ARG/index.html
cn-north-1,AWS Secrets Manager,https://aws.amazon.com/secrets-manager/
cn-north-1,AWS Security Hub,https://aws.amazon.com/security-hub/
cn-north-1,AWS Server Migration Service (SMS),https://aws.amazon.com/server-migration-service/
cn-north-1,AWS Serverless Application Repository,https://aws.amazon.com/serverless/serverlessrepo/
cn-north-1,AWS Service Catalog,https://aws.amazon.com/servicecatalog/
cn-north-1,AWS Signer,https://docs.aws.amazon.com/signer/latest/developerguide/Welcome.html
cn-north-1,AWS Snowball,https://aws.amazon.com/snowball/
cn-north-1,AWS Step Functions,https://aws.amazon.com/step-functions/details/
cn-north-1,AWS Storage Gateway,https://aws.amazon.com/storagegateway/
cn-north-1,AWS Support,https://aws.amazon.com/premiumsupport/
cn-north-1,AWS Systems Manager,https://aws.amazon.com/systems-manager/
cn-north-1,AWS Transfer Family,https://aws.amazon.com/aws-transfer-family/
cn-north-1,AWS Transit Gateway,https://aws.amazon.com/transit-gateway/
cn-north-1,AWS Trusted Advisor,https://aws.amazon.com/premiumsupport/trustedadvisor/
cn-north-1,AWS WAF,https://aws.amazon.com/waf/
cn-north-1,AWS X-Ray,https://aws.amazon.com/xray/
cn-north-1,Amazon API Gateway,https://aws.amazon.com/api-gateway/
cn-north-1,Amazon Application Recovery Controller,https://aws.amazon.com/application-recovery-controller/
cn-north-1,Amazon Athena,https://aws.amazon.com/athena/
cn-north-1,Amazon Aurora,https://aws.amazon.com/rds/aurora/
cn-north-1,Amazon CloudFront,https://aws.amazon.com/cloudfront/
cn-north-1,Amazon CloudWatch,https://aws.amazon.com/cloudwatch/
cn-north-1,Amazon CloudWatch Logs,https://aws.amazon.com/cloudwatch/
cn-north-1,Amazon Cognito,https://aws.amazon.com/cognito/
cn-north-1,Amazon Data Firehose,https://aws.amazon.com/firehose/
cn-north-1,Amazon DocumentDB (with MongoDB compatibility),https://aws.amazon.com/documentdb/
cn-north-1,Amazon DynamoDB,https://aws.amazon.com/dynamodb/
cn-north-1,Amazon DynamoDB Accelerator,https://aws.amazon.com/dynamodb/dax/
cn-north-1,Amazon EC2 Auto Scaling,https://aws.amazon.com/ec2/autoscaling/
cn-north-1,Amazon ElastiCache,https://aws.amazon.com/elasticache/
cn-north-1,Amazon Elastic Block Store (EBS),https://aws.amazon.com/ebs/
cn-north-1,Amazon Elastic Compute Cloud (EC2),https://aws.amazon.com/ec2/
cn-north-1,Amazon Elastic Container Registry (ECR),https://aws.amazon.com/ecr/
cn-north-1,Amazon Elastic Container Service (ECS),https://aws.amazon.com/ecs/
cn-north-1,Amazon Elastic File System (EFS),https://aws.amazon.com/efs/
cn-north-1,Amazon Elastic Kubernetes Service (EKS),https://aws.amazon.com/eks
cn-north-1,Amazon Elastic MapReduce (EMR),https://aws.amazon.com/emr/
cn-north-1,Amazon EventBridge,https://aws.amazon.com/eventbridge/
cn-north-1,Amazon FSx,https://aws.amazon.com/fsx/
cn-north-1,Amazon FSx for Lustre,https://aws.amazon.com/fsx/lustre/
cn-north-1,Amazon FSx for NetApp ONTAP,https://aws.amazon.com/fsx/netapp-ontap
cn-north-1,Amazon FSx for OpenZFS,https://aws.amazon.com/fsx/openzfs
cn-north-1,Amazon FSx for Windows File Server,https://aws.amazon.com/fsx/windows/
cn-north-1,Amazon GameLift,https://aws.amazon.com/gamelift/
cn-north-1,Amazon GuardDuty,https://aws.amazon.com/guardduty/
cn-north-1,Amazon Inspector,https://aws.amazon.com/inspector/
cn-north-1,Amazon Keyspaces (for Apache Cassandra),https://aws.amazon.com/keyspaces/
cn-north-1,Amazon Kinesis Data Streams,https://aws.amazon.com/kinesis/streams/
cn-north-1,Amazon Kinesis Video Streams,https://aws.amazon.com/kinesis/video-streams/
cn-north-1,Amazon MQ,https://aws.amazon.com/amazon-mq/
cn-north-1,Amazon Managed Service for Apache Flink,https://aws.amazon.com/managed-service-apache-flink/
cn-north-1,Amazon Managed Streaming for Apache Kafka,https://aws.amazon.com/msk/
cn-north-1,Amazon Managed Workflows for Apache Airflow,https://aws.amazon.com/managed-workflows-for-apache-airflow/
cn-north-1,Amazon MemoryDB,https://aws.amazon.com/memorydb
cn-north-1,Amazon Neptune,https://aws.amazon.com/neptune/
cn-north-1,Amazon OpenSearch Service,https://aws.amazon.com/opensearch-service/
cn-north-1,Amazon Personalize,https://aws.amazon.com/personalize/
cn-north-1,Amazon QuickSight,https://aws.amazon.com/quicksight/
cn-north-1,Amazon Redshift,https://aws.amazon.com/redshift/
cn-north-1,Amazon Relational Database Service (RDS),https://aws.amazon.com/rds/
cn-north-1,Amazon Route 53,https://aws.amazon.com/route53/
cn-north-1,Amazon SageMaker,https://aws.amazon.com/sagemaker/
cn-north-1,Amazon Simple Notification Service (SNS),https://aws.amazon.com/sns/
cn-north-1,Amazon Simple Queue Service (SQS),https://aws.amazon.com/sqs/
cn-north-1,Amazon Simple Storage Service (S3),https://aws.amazon.com/s3/
cn-north-1,Amazon Simple Workflow Service (SWF),https://aws.amazon.com/swf/
cn-north-1,Amazon Transcribe,https://aws.amazon.com/transcribe/
cn-north-1,Amazon Virtual Private Cloud (VPC),https://aws.amazon.com/vpc/
cn-north-1,CloudEndure Migration,https://aws.amazon.com/cloudendure-migration/
cn-north-1,EC2 Image Builder,https://aws.amazon.com/image-builder/
cn-north-1,Elastic Load Balancing,https://aws.amazon.com/elasticloadbalancing/
cn-north-1,FreeRTOS,https://aws.amazon.com/freertos/
cn-northwest-1,AWS App Mesh,https://aws.amazon.com/app-mesh/
cn-northwest-1,AWS AppSync,https://aws.amazon.com/appsync/
cn-northwest-1,AWS Auto Scaling,https://aws.amazon.com/autoscaling/
cn-northwest-1,AWS Backup,https://aws.amazon.com/backup/
cn-northwest-1,AWS Batch,https://aws.amazon.com/batch/
cn-northwest-1,AWS Budgets,https://aws.amazon.com/aws-cost-management/aws-budgets/
cn-northwest-1,AWS Certificate Manager,https://aws.amazon.com/certificate-manager/
cn-northwest-1,AWS Cloud Control API,https://aws.amazon.com/cloudcontrolapi/
cn-northwest-1,AWS Cloud Map,https://aws.amazon.com/cloud-map/
cn-northwest-1,AWS CloudFormation,https://aws.amazon.com/cloudformation/
cn-northwest-1,AWS CloudTrail,https://aws.amazon.com/cloudtrail/
cn-northwest-1,AWS CodeBuild,https://aws.amazon.com/codebuild/
cn-northwest-1,AWS CodeCommit,https://aws.amazon.com/codecommit/
cn-northwest-1,AWS CodeDeploy,https://aws.amazon.com/codedeploy/
cn-northwest-1,AWS CodePipeline,https://aws.amazon.com/codepipeline/
cn-northwest-1,AWS Compute Optimizer,https://aws.amazon.com/compute-optimizer/
cn-northwest-1,AWS Config,https://aws.amazon.com/config/
cn-northwest-1,AWS Cost Explorer,https://aws.amazon.com/aws-cost-management/aws-cost-explorer/
cn-northwest-1,AWS Cost and Usage Report,https://aws.amazon.com/aws-cost-management/aws-cost-and-usage-reporting/
cn-northwest-1,AWS DataSync,https://aws.amazon.com/datasync
cn-northwest-1,AWS Database Migration Service,https://aws.amazon.com/dms/
cn-northwest-1,AWS Direct Connect,https://aws.amazon.com/directconnect/
cn-northwest-1,AWS Directory Service,https://aws.amazon.com/directoryservice/
cn-northwest-1,AWS Elastic Beanstalk,https://aws.amazon.com/elasticbeanstalk/
cn-northwest-1,AWS Elemental MediaConvert,https://aws.amazon.com/mediaconvert/
cn-northwest-1,AWS Fargate,https://aws.amazon.com/fargate/
cn-northwest-1,AWS Firewall Manager,https://aws.amazon.com/firewall-manager/
cn-northwest-1,AWS Glue,https://aws.amazon.com/glue/
cn-northwest-1,AWS Health Dashboard,https://aws.amazon.com/premiumsupport/technology/aws-health-dashboard/
cn-northwest-1,AWS IAM Identity Center,https://aws.amazon.com/iam/identity-center/
cn-northwest-1,AWS Identity and Access Management (IAM),https://aws.amazon.com/iam
cn-northwest-1,AWS IoT Core,https://aws.amazon.com/iot/
cn-northwest-1,AWS IoT Device Defender,https://aws.amazon.com/iot-device-defender/
cn-northwest-1,AWS IoT Device Management,https://aws.amazon.com/iot-device-management/
cn-northwest-1,AWS Key Management Service,https://aws.amazon.com/kms/
cn-northwest-1,AWS Lake Formation,https://aws.amazon.com/lake-formation/
cn-northwest-1,AWS Lambda,https://aws.amazon.com/lambda/
cn-northwest-1,AWS Launch Wizard,https://aws.amazon.com/launchwizard/
cn-northwest-1,AWS License Manager,https://aws.amazon.com/license-manager/
cn-northwest-1,AWS Marketplace,https://aws.amazon.com/mp/
cn-northwest-1,AWS Network Firewall,https://aws.amazon.com/network-firewall/
cn-northwest-1,AWS Organizations,https://aws.amazon.com/organizations
cn-northwest-1,AWS Private Certificate Authority,https://aws.amazon.com/private-ca/
cn-northwest-1,AWS PrivateLink,https://aws.amazon.com/privatelink/
cn-northwest-1,AWS Resource Access Manager (RAM),https://aws.amazon.com/ram/
cn-northwest-1,AWS Resource Groups,https://docs.aws.amazon.com/ARG/index.html
cn-northwest-1,AWS Secrets Manager,https://aws.amazon.com/secrets-manager/
cn-northwest-1,AWS Security Hub,https://aws.amazon.com/security-hub/
cn-northwest-1,AWS Serverless Application Repository,https://aws.amazon.com/serverless/serverlessrepo/
cn-northwest-1,AWS Service Catalog,https://aws.amazon.com/servicecatalog/
cn-northwest-1,AWS Signer,https://docs.aws.amazon.com/signer/latest/developerguide/Welcome.html
cn-northwest-1,AWS Snowball,https://aws.amazon.com/snowball/
cn-northwest-1,AWS Step Functions,https://aws.amazon.com/step-functions/details/
cn-northwest-1,AWS Storage Gateway,https://aws.amazon.com/storagegateway/
cn-northwest-1,AWS Support,https://aws.amazon.com/premiumsupport/
cn-northwest-1,AWS Systems Manager,https://aws.amazon.com/systems-manager/
cn-northwest-1,AWS Transfer Family,https://aws.amazon.com/aws-transfer-family/
cn-northwest-1,AWS Transit Gateway,https://aws.amazon.com/transit-gateway/
cn-northwest-1,AWS Trusted Advisor,https://aws.amazon.com/premiumsupport/trustedadvisor/
cn-northwest-1,AWS WAF,https://aws.amazon.com/waf/
cn-northwest-1,AWS X-Ray,https://aws.amazon.com/xray/
cn-northwest-1,Amazon API Gateway,https://aws.amazon.com/api-gateway/
cn-northwest-1,Amazon Application Recovery Controller,https://aws.amazon.com/application-recovery-controller/
cn-northwest-1,Amazon Athena,https://aws.amazon.com/athena/
cn-northwest-1,Amazon Aurora,https://aws.amazon.com/rds/aurora/
cn-northwest-1,Amazon CloudFront,https://aws.amazon.com/cloudfront/
cn-northwest-1,Amazon CloudWatch,https://aws.amazon.com/cloudwatch/
cn-northwest-1,Amazon CloudWatch Logs,https://aws.amazon.com/cloudwatch/
cn-northwest-1,Amazon Data Firehose,https://aws.amazon.com/firehose/
cn-northwest-1,Amazon DocumentDB (with MongoDB compatibility),https://aws.amazon.com/documentdb/
cn-northwest-1,Amazon DynamoDB,https://aws.amazon.com/dynamodb/
cn-northwest-1,Amazon DynamoDB Accelerator,https://aws.amazon.com/dynamodb/dax/
cn-northwest-1,Amazon EC2 Auto Scaling,https://aws.amazon.com/ec2/autoscaling/
cn-northwest-1,Amazon ElastiCache,https://aws.amazon.com/elasticache/
cn-northwest-1,Amazon Elastic Block Store (EBS),https://aws.amazon.com/ebs/
cn-northwest-1,Amazon Elastic Compute Cloud (EC2),https://aws.amazon.com/ec2/
cn-northwest-1,Amazon Elastic Container Registry (ECR),https://aws.amazon.com/ecr/
cn-northwest-1,Amazon Elastic Container Service (ECS),https://aws.amazon.com/ecs/
cn-northwest-1,Amazon Elastic File System (EFS),https://aws.amazon.com/efs/
cn-northwest-1,Amazon Elastic Kubernetes Service (EKS),https://aws.amazon.com/eks
cn-northwest-1,Amazon Elastic MapReduce (EMR),https://aws.amazon.com/emr/
cn-northwest-1,Amazon EventBridge,https://aws.amazon.com/eventbridge/
cn-northwest-1,Amazon FSx,https://aws.amazon.com/fsx/
cn-northwest-1,Amazon FSx for Lustre,https://aws.amazon.com/fsx/lustre/
cn-northwest-1,Amazon FSx for NetApp ONTAP,https://aws.amazon.com/fsx/netapp-ontap
cn-northwest-1,Amazon FSx for OpenZFS,https://aws.amazon.com/fsx/openzfs
cn-northwest-1,Amazon FSx for Windows File Server,https://aws.amazon.com/fsx/windows/
cn-northwest-1,Amazon GameLift,https://aws.amazon.com/gamelift/
cn-northwest-1,Amazon GuardDuty,https://aws.amazon.com/guardduty/
cn-northwest-1,Amazon Inspector,https://aws.amazon.com/inspector/
cn-northwest-1,Amazon Keyspaces (for Apache Cassandra),https://aws.amazon.com/keyspaces/
cn-northwest-1,Amazon Kinesis Data Streams,https://aws.amazon.com/kinesis/streams/
cn-northwest-1,Amazon MQ,https://aws.amazon.com/amazon-mq/
cn-northwest-1,Amazon Managed Service for Apache Flink,https://aws.amazon.com/managed-service-apache-flink/
cn-northwest-1,Amazon Managed Streaming for Apache Kafka,https://aws.amazon.com/msk/
cn-northwest-1,Amazon Managed Workflows for Apache Airflow,https://aws.amazon.com/managed-workflows-for-apache-airflow/
cn-northwest-1,Amazon MemoryDB,https://aws.amazon.com/memorydb
cn-northwest-1,Amazon Neptune,https://aws.amazon.com/neptune/
cn-northwest-1,Amazon OpenSearch Service,https://aws.amazon.com/opensearch-service/
cn-northwest-1,Amazon Polly,https://aws.amazon.com/polly/
cn-northwest-1,Amazon Redshift,https://aws.amazon.com/redshift/
cn-northwest-1,Amazon Relational Database Service (RDS),https://aws.amazon.com/rds/
cn-northwest-1,Amazon Route 53,https://aws.amazon.com/route53/
cn-northwest-1,Amazon SageMaker,https://aws.amazon.com/sagemaker/
cn-northwest-1,Amazon Simple Notification Service (SNS),https://aws.amazon.com/sns/
cn-northwest-1,Amazon Simple Queue Service (SQS),https://aws.amazon.com/sqs/
cn-northwest-1,Amazon Simple Storage Service (S3),https://aws.amazon.com/s3/
cn-northwest-1,Amazon Simple Workflow Service (SWF),https://aws.amazon.com/swf/
cn-northwest-1,Amazon Transcribe,https://aws.amazon.com/transcribe/
cn-northwest-1,Amazon Virtual Private Cloud (VPC),https://aws.amazon.com/vpc/
cn-northwest-1,Amazon WorkSpaces,https://aws.amazon.com/workspaces/
cn-northwest-1,CloudEndure Migration,https://aws.amazon.com/cloudendure-migration/
cn-northwest-1,EC2 Image Builder,https://aws.amazon.com/image-builder/
cn-northwest-1,Elastic Load Balancing,https://aws.amazon.com/elasticloadbalancing/
cn-northwest-1,FreeRTOS,https://aws.amazon.com/freertos/
eu-central-1,AWS Amplify,https://aws.amazon.com/amplify/
eu-central-1,AWS App Mesh,https://aws.amazon.com/app-mesh/
eu-central-1,AWS App Runner,https://aws.amazon.com/apprunner/
eu-central-1,AWS AppSync,https://aws.amazon.com/appsync/
eu-central-1,AWS Application Discovery Service,https://aws.amazon.com/application-discovery/
eu-central-1,AWS Application Migration Service (MGN),https://aws.amazon.com/application-migration-service/
eu-central-1,AWS Artifact,https://aws.amazon.com/artifact/
eu-central-1,AWS Audit Manager,https://aws.amazon.com/audit-manager/
eu-central-1,AWS Auto Scaling,https://aws.amazon.com/autoscaling/
eu-central-1,AWS Backup,https://aws.amazon.com/backup/
eu-central-1,AWS Batch,https://aws.amazon.com/batch/
eu-central-1,AWS Budgets,https://aws.amazon.com/aws-cost-management/aws-budgets/
eu-central-1,AWS Certificate Manager,https://aws.amazon.com/certificate-manager/
eu-central-1,AWS Chatbot,https://aws.amazon.com/chatbot/
eu-central-1,AWS Clean Rooms,https://aws.amazon.com/clean-rooms/
eu-central-1,AWS Cloud Control API,https://aws.amazon.com/cloudcontrolapi/
eu-central-1,AWS Cloud Map,https://aws.amazon.com/cloud-map/
eu-central-1,AWS Cloud9,https://aws.amazon.com/cloud9/
eu-central-1,AWS CloudFormation,https://aws.amazon.com/cloudformation/
eu-central-1,AWS CloudHSM,https://aws.amazon.com/cloudhsm/
eu-central-1,AWS CloudShell,https://aws.amazon.com/cloudshell/
eu-central-1,AWS CloudTrail,https://aws.amazon.com/cloudtrail/
eu-central-1,AWS CodeArtifact,https://aws.amazon.com/codeartifact
eu-central-1,AWS CodeBuild,https://aws.amazon.com/codebuild/
eu-central-1,AWS CodeCommit,https://aws.amazon.com/codecommit/
eu-central-1,AWS CodeDeploy,https://aws.amazon.com/codedeploy/
eu-central-1,AWS CodePipeline,https://aws.amazon.com/codepipeline/
eu-central-1,AWS Compute Optimizer,https://aws.amazon.com/compute-optimizer/
eu-central-1,AWS Config,https://aws.amazon.com/config/
eu-central-1,AWS Control Tower,https://aws.amazon.com/controltower
eu-central-1,AWS Data Exchange,https://aws.amazon.com/data-exchange/
eu-central-1,AWS DataSync,https://aws.amazon.com/datasync
eu-central-1,AWS Database Migration Service,https://aws.amazon.com/dms/
eu-central-1,AWS Deadline Cloud,https://aws.amazon.com/deadline-cloud/
eu-central-1,AWS Direct Connect,https://aws.amazon.com/directconnect/
eu-central-1,AWS Directory Service,https://aws.amazon.com/directoryservice/
eu-central-1,AWS Elastic Beanstalk,https://aws.amazon.com/elasticbeanstalk/
eu-central-1,AWS Elastic Disaster Recovery (DRS),https://aws.amazon.com/disaster-recovery/
eu-central-1,AWS Elemental MediaConnect,https://aws.amazon.com/mediaconnect
eu-central-1,AWS Elemental MediaConvert,https://aws.amazon.com/mediaconvert/
eu-central-1,AWS Elemental MediaLive,https://aws.amazon.com/medialive/
eu-central-1,AWS Elemental MediaPackage,https://aws.amazon.com/mediapackage/
eu-central-1,AWS Elemental MediaStore,https://aws.amazon.com/mediastore/
eu-central-1,AWS Elemental MediaTailor,https://aws.amazon.com/mediatailor/
eu-central-1,AWS Entity Resolution,https://aws.amazon.com/entity-resolution
eu-central-1,AWS Fargate,https://aws.amazon.com/fargate/
eu-central-1,AWS Fault Injection Service,https://aws.amazon.com/fis/
eu-central-1,AWS Firewall Manager,https://aws.amazon.com/firewall-manager/
eu-central-1,AWS Global Accelerator,https://aws.amazon.com/global-accelerator
eu-central-1,AWS Glue,https://aws.amazon.com/glue/
eu-central-1,AWS Ground Station,https://aws.amazon.com/ground-station/
eu-central-1,AWS Health Dashboard,https://aws.amazon.com/premiumsupport/technology/aws-health-dashboard/
eu-central-1,AWS HealthOmics,https://aws.amazon.com/healthomics/
eu-central-1,AWS IAM Identity Center,https://aws.amazon.com/iam/identity-center/
eu-central-1,AWS IQ,https://aws.amazon.com/iq/
eu-central-1,AWS Identity and Access Management (IAM),https://aws.amazon.com/iam
eu-central-1,AWS IoT 1-Click,https://aws.amazon.com/iot-1-click/
eu-central-1,AWS IoT Analytics,https://aws.amazon.com/iot-analytics/
eu-central-1,AWS IoT Core,https://aws.amazon.com/iot/
eu-central-1,AWS IoT Device Defender,https://aws.amazon.com/iot-device-defender/
eu-central-1,AWS IoT Device Management,https://aws.amazon.com/iot-device-management/
eu-central-1,AWS IoT Events,https://aws.amazon.com/iot-events/
eu-central-1,AWS IoT FleetWise,https://aws.amazon.com/iot-fleetwise/
eu-central-1,AWS IoT Greengrass,https://aws.amazon.com/greengrass/
eu-central-1,AWS IoT SiteWise,https://aws.amazon.com/iot-sitewise/
eu-central-1,AWS IoT TwinMaker,https://aws.amazon.com/iot-twinmaker/
eu-central-1,AWS Key Management Service,https://aws.amazon.com/kms/
eu-central-1,AWS Lake Formation,https://aws.amazon.com/lake-formation/
eu-central-1,AWS Lambda,https://aws.amazon.com/lambda/
eu-central-1,AWS Launch Wizard,https://aws.amazon.com/launchwizard/
eu-central-1,AWS License Manager,https://aws.amazon.com/license-manager/
eu-central-1,AWS Mainframe Modernization,https://aws.amazon.com/mainframe-modernization/
eu-central-1,AWS Managed Services,https://aws.amazon.com/managed-services/
eu-central-1,AWS Marketplace,https://aws.amazon.com/mp/
eu-central-1,AWS Migration Hub,https://aws.amazon.com/migration-hub/
eu-central-1,AWS Network Firewall,https://aws.amazon.com/network-firewall/
eu-central-1,AWS OpsWorks Stacks,https://aws.amazon.com/opsworks/stacks/
eu-central-1,AWS OpsWorks for Chef Automate,https://aws.amazon.com/opsworks/chefautomate/
eu-central-1,AWS OpsWorks for Puppet Enterprise,https://aws.amazon.com/opsworks/puppetenterprise/
eu-central-1,AWS Organizations,https://aws.amazon.com/organizations
eu-central-1,AWS Outposts,https://aws.amazon.com/outposts/
eu-central-1,AWS Payment Cryptography,https://aws.amazon.com/payment-cryptography/
eu-central-1,AWS Private Certificate Authority,https://aws.amazon.com/private-ca/
eu-central-1,AWS PrivateLink,https://aws.amazon.com/privatelink/
eu-central-1,AWS Proton,https://aws.amazon.com/proton/
eu-central-1,AWS Resilience Hub,https://aws.amazon.com/resilience-hub/
eu-central-1,AWS Resource Access Manager (RAM),https://aws.amazon.com/ram/
eu-central-1,AWS Resource Explorer,https://aws.amazon.com/resourceexplorer/
eu-central-1,AWS Resource Groups,https://docs.aws.amazon.com/ARG/index.html
eu-central-1,AWS RoboMaker,https://aws.amazon.com/robomaker/
eu-central-1,AWS Secrets Manager,https://aws.amazon.com/secrets-manager/
eu-central-1,AWS Security Hub,https://aws.amazon.com/security-hub/
eu-central-1,AWS Serverless Application Repository,https://aws.amazon.com/serverless/serverlessrepo/
eu-central-1,AWS Service Catalog,https://aws.amazon.com/servicecatalog/
eu-central-1,AWS Shield,https://aws.amazon.com/shield/
eu-central-1,AWS Signer,https://docs.aws.amazon.com/signer/latest/developerguide/Welcome.html
eu-central-1,AWS SimSpace Weaver,https://aws.amazon.com/simspaceweaver/
eu-central-1,AWS Snowball,https://aws.amazon.com/snowball/
eu-central-1,AWS Snowcone,https://aws.amazon.com/snowcone/
eu-central-1,AWS Step Functions,https://aws.amazon.com/step-functions/details/
eu-central-1,AWS Storage Gateway,https://aws.amazon.com/storagegateway/
eu-central-1,AWS Support,https://aws.amazon.com/premiumsupport/
eu-central-1,AWS Systems Manager,https://aws.amazon.com/systems-manager/
eu-central-1,AWS Telco Network Builder,https://aws.amazon.com/tnb/
eu-central-1,AWS Transfer Family,https://aws.amazon.com/aws-transfer-family/
eu-central-1,AWS Transit Gateway,https://aws.amazon.com/transit-gateway/
eu-central-1,AWS Trusted Advisor,https://aws.amazon.com/premiumsupport/trustedadvisor/
eu-central-1,AWS User Notifications,https://aws.amazon.com/notifications/
eu-central-1,AWS VPN,https://aws.amazon.com/vpn/
eu-central-1,AWS Verified Access,https://aws.amazon.com/verified-access/
eu-central-1,AWS WAF,https://aws.amazon.com/waf/
eu-central-1,AWS Well-Architected Tool,https://aws.amazon.com/well-architected-tool
eu-central-1,AWS Wickr,https://aws.amazon.com/wickr/
eu-central-1,AWS X-Ray,https://aws.amazon.com/xray/
eu-central-1,Amazon API Gateway,https://aws.amazon.com/api-gateway/
eu-central-1,Amazon AppFlow,https://aws.amazon.com/appflow/
eu-central-1,Amazon AppStream 2.0,https://aws.amazon.com/appstream2/
eu-central-1,Amazon Application Recovery Controller,https://aws.amazon.com/application-recovery-controller/
eu-central-1,Amazon Athena,https://aws.amazon.com/athena/
eu-central-1,Amazon Augmented AI (A2I),https://aws.amazon.com/augmented-ai/
eu-central-1,Amazon Aurora,https://aws.amazon.com/rds/aurora/
eu-central-1,Amazon Bedrock,https://aws.amazon.com/bedrock/
eu-central-1,Amazon Chime,https://chime.aws/
eu-central-1,Amazon Chime SDK,https://aws.amazon.com/chime/chime-sdk/
eu-central-1,Amazon Cloud Directory,https://aws.amazon.com/cloud-directory/
eu-central-1,Amazon CloudFront,https://aws.amazon.com/cloudfront/
eu-central-1,Amazon CloudSearch,https://aws.amazon.com/cloudsearch/
eu-central-1,Amazon CloudWatch,https://aws.amazon.com/cloudwatch/
eu-central-1,Amazon CloudWatch Logs,https://aws.amazon.com/cloudwatch/
eu-central-1,Amazon CodeGuru,https://aws.amazon.com/codeguru/
eu-central-1,Amazon Cognito,https://aws.amazon.com/cognito/
eu-central-1,Amazon Comprehend,https://aws.amazon.com/comprehend/
eu-central-1,Amazon Connect,https://aws.amazon.com/connect/
eu-central-1,Amazon Data Firehose,https://aws.amazon.com/firehose/
eu-central-1,Amazon DataZone,https://aws.amazon.com/datazone/
eu-central-1,Amazon Detective,https://aws.amazon.com/detective/
eu-central-1,Amazon DevOps Guru,https://aws.amazon.com/devops-guru/
eu-central-1,Amazon DocumentDB (with MongoDB compatibility),https://aws.amazon.com/documentdb/
eu-central-1,Amazon DynamoDB,https://aws.amazon.com/dynamodb/
eu-central-1,Amazon DynamoDB Accelerator,https://aws.amazon.com/dynamodb/dax/
eu-central-1,Amazon EC2 Auto Scaling,https://aws.amazon.com/ec2/autoscaling/
eu-central-1,Amazon ElastiCache,https://aws.amazon.com/elasticache/
eu-central-1,Amazon Elastic Block Store (EBS),https://aws.amazon.com/ebs/
eu-central-1,Amazon Elastic Compute Cloud (EC2),https://aws.amazon.com/ec2/
eu-central-1,Amazon Elastic Container Registry (ECR),https://aws.amazon.com/ecr/
eu-central-1,Amazon Elastic Container Service (ECS),https://aws.amazon.com/ecs/
eu-central-1,Amazon Elastic File System (EFS),https://aws.amazon.com/efs/
eu-central-1,Amazon Elastic Kubernetes Service (EKS),https://aws.amazon.com/eks
eu-central-1,Amazon Elastic MapReduce (EMR),https://aws.amazon.com/emr/
eu-central-1,Amazon EventBridge,https://aws.amazon.com/eventbridge/
eu-central-1,Amazon FSx,https://aws.amazon.com/fsx/
eu-central-1,Amazon FSx for Lustre,https://aws.amazon.com/fsx/lustre/
eu-central-1,Amazon FSx for NetApp ONTAP,https://aws.amazon.com/fsx/netapp-ontap
eu-central-1,Amazon FSx for OpenZFS,https://aws.amazon.com/fsx/openzfs
eu-central-1,Amazon FSx for Windows File Server,https://aws.amazon.com/fsx/windows/
eu-central-1,Amazon File Cache,https://aws.amazon.com/filecache/
eu-central-1,Amazon FinSpace,https://aws.amazon.com/finspace/
eu-central-1,Amazon Forecast,https://aws.amazon.com/forecast/
eu-central-1,Amazon GameLift,https://aws.amazon.com/gamelift/
eu-central-1,Amazon GuardDuty,https://aws.amazon.com/guardduty/
eu-central-1,Amazon IVS,https://aws.amazon.com/ivs/
eu-central-1,Amazon Inspector,https://aws.amazon.com/inspector/
eu-central-1,Amazon Inspector Classic,https://docs.aws.amazon.com/inspector/v1/userguide/inspector_introduction.html
eu-central-1,Amazon Keyspaces (for Apache Cassandra),https://aws.amazon.com/keyspaces/
eu-central-1,Amazon Kinesis Data Streams,https://aws.amazon.com/kinesis/streams/
eu-central-1,Amazon Kinesis Video Streams,https://aws.amazon.com/kinesis/video-streams/
eu-central-1,Amazon Lex,https://aws.amazon.com/lex/
eu-central-1,Amazon Lightsail,https://amazonlightsail.com/
eu-central-1,Amazon Location Service,https://aws.amazon.com/location
eu-central-1,Amazon Lookout for Metrics,https://aws.amazon.com/lookout-for-metrics/
eu-central-1,Amazon Lookout for Vision,https://aws.amazon.com/lookout-for-vision/
eu-central-1,Amazon Lumberyard,https://aws.amazon.com/lumberyard/
eu-central-1,Amazon MQ,https://aws.amazon.com/amazon-mq/
eu-central-1,Amazon Macie,https://aws.amazon.com/macie/
eu-central-1,Amazon Managed Grafana,https://aws.amazon.com/grafana/
eu-central-1,Amazon Managed Service for Apache Flink,https://aws.amazon.com/managed-service-apache-flink/
eu-central-1,Amazon Managed Service for Prometheus,https://aws.amazon.com/prometheus/
eu-central-1,Amazon Managed Streaming for Apache Kafka,https://aws.amazon.com/msk/
eu-central-1,Amazon Managed Workflows for Apache Airflow,https://aws.amazon.com/managed-workflows-for-apache-airflow/
eu-central-1,Amazon MemoryDB,https://aws.amazon.com/memorydb
eu-central-1,Amazon Neptune,https://aws.amazon.com/neptune/
eu-central-1,Amazon Nimble Studio,https://aws.amazon.com/nimble-studio/
eu-central-1,Amazon OpenSearch Service,https://aws.amazon.com/opensearch-service/
eu-central-1,Amazon Personalize,https://aws.amazon.com/personalize/
eu-central-1,Amazon Pinpoint and End User Messaging,https://aws.amazon.com/end-user-messaging/amazon-pinpoint-aws-end-user-messaging-landing-page/
eu-central-1,Amazon Polly,https://aws.amazon.com/polly/
eu-central-1,Amazon Quantum Ledger Database (QLDB),https://aws.amazon.com/qldb/
eu-central-1,Amazon QuickSight,https://aws.amazon.com/quicksight/
eu-central-1,Amazon Redshift,https://aws.amazon.com/redshift/
eu-central-1,Amazon Rekognition,https://aws.amazon.com/rekognition/
eu-central-1,Amazon Relational Database Service (RDS),https://aws.amazon.com/rds/
eu-central-1,Amazon Route 53,https://aws.amazon.com/route53/
eu-central-1,Amazon SageMaker,https://aws.amazon.com/sagemaker/
eu-central-1,Amazon Security Lake,https://aws.amazon.com/security-lake/
eu-central-1,Amazon Simple Email Service (SES),https://aws.amazon.com/ses/
eu-central-1,Amazon Simple Notification Service (SNS),https://aws.amazon.com/sns/
eu-central-1,Amazon Simple Queue Service (SQS),https://aws.amazon.com/sqs/
eu-central-1,Amazon Simple Storage Service (S3),https://aws.amazon.com/s3/
eu-central-1,Amazon Simple Workflow Service (SWF),https://aws.amazon.com/swf/
eu-central-1,Amazon Textract,https://aws.amazon.com/textract
eu-central-1,Amazon Timestream,https://aws.amazon.com/timestream
eu-central-1,Amazon Transcribe,https://aws.amazon.com/transcribe/
eu-central-1,Amazon Translate,https://aws.amazon.com/translate/
eu-central-1,Amazon VPC Lattice,https://aws.amazon.com/vpc/lattice/
eu-central-1,Amazon Verified Permissions,https://aws.amazon.com/verified-permissions/
eu-central-1,Amazon Virtual Private Cloud (VPC),https://aws.amazon.com/vpc/
eu-central-1,Amazon WorkSpaces,https://aws.amazon.com/workspaces/
eu-central-1,Amazon WorkSpaces Secure Browser,https://aws.amazon.com/workspaces/secure-browser/
eu-central-1,Amazon WorkSpaces Thin Client,https://aws.amazon.com/workspaces/thin-client/
eu-central-1,CloudEndure Disaster Recovery,https://aws.amazon.com/cloudendure-disaster-recovery/
eu-central-1,CloudEndure Migration,https://aws.amazon.com/cloudendure-migration/
eu-central-1,EC2 Image Builder,https://aws.amazon.com/image-builder/
eu-central-1,Elastic Load Balancing,https://aws.amazon.com/elasticloadbalancing/
eu-central-1,FreeRTOS,https://aws.amazon.com/freertos/
eu-central-1,Red Hat OpenShift Service on AWS (ROSA),https://aws.amazon.com/rosa/
eu-central-1,VMware Cloud on AWS,https://aws.amazon.com/vmware/
eu-central-2,AWS App Mesh,https://aws.amazon.com/app-mesh/
eu-central-2,AWS AppSync,https://aws.amazon.com/appsync/
eu-central-2,AWS Application Migration Service (MGN),https://aws.amazon.com/application-migration-service/
eu-central-2,AWS Artifact,https://aws.amazon.com/artifact/
eu-central-2,AWS Backup,https://aws.amazon.com/backup/
eu-central-2,AWS Batch,https://aws.amazon.com/batch/
eu-central-2,AWS Certificate Manager,https://aws.amazon.com/certificate-manager/
eu-central-2,AWS Chatbot,https://aws.amazon.com/chatbot/
eu-central-2,AWS Cloud Control API,https://aws.amazon.com/cloudcontrolapi/
eu-central-2,AWS Cloud Map,https://aws.amazon.com/cloud-map/
eu-central-2,AWS CloudFormation,https://aws.amazon.com/cloudformation/
eu-central-2,AWS CloudHSM,https://aws.amazon.com/cloudhsm/
eu-central-2,AWS CloudTrail,https://aws.amazon.com/cloudtrail/
eu-central-2,AWS CodeBuild,https://aws.amazon.com/codebuild/
eu-central-2,AWS CodeDeploy,https://aws.amazon.com/codedeploy/
eu-central-2,AWS CodePipeline,https://aws.amazon.com/codepipeline/
eu-central-2,AWS Compute Optimizer,https://aws.amazon.com/compute-optimizer/
eu-central-2,AWS Config,https://aws.amazon.com/config/
eu-central-2,AWS Control Tower,https://aws.amazon.com/controltower
eu-central-2,AWS DataSync,https://aws.amazon.com/datasync
eu-central-2,AWS Database Migration Service,https://aws.amazon.com/dms/
eu-central-2,AWS Direct Connect,https://aws.amazon.com/directconnect/
eu-central-2,AWS Directory Service,https://aws.amazon.com/directoryservice/
eu-central-2,AWS Elastic Disaster Recovery (DRS),https://aws.amazon.com/disaster-recovery/
eu-central-2,AWS Fargate,https://aws.amazon.com/fargate/
eu-central-2,AWS Firewall Manager,https://aws.amazon.com/firewall-manager/
eu-central-2,AWS Global Accelerator,https://aws.amazon.com/global-accelerator
eu-central-2,AWS Glue,https://aws.amazon.com/glue/
eu-central-2,AWS Health Dashboard,https://aws.amazon.com/premiumsupport/technology/aws-health-dashboard/
eu-central-2,AWS IAM Identity Center,https://aws.amazon.com/iam/identity-center/
eu-central-2,AWS Identity and Access Management (IAM),https://aws.amazon.com/iam
eu-central-2,AWS Key Management Service,https://aws.amazon.com/kms/
eu-central-2,AWS Lake Formation,https://aws.amazon.com/lake-formation/
eu-central-2,AWS Lambda,https://aws.amazon.com/lambda/
eu-central-2,AWS Launch Wizard,https://aws.amazon.com/launchwizard/
eu-central-2,AWS License Manager,https://aws.amazon.com/license-manager/
eu-central-2,AWS Marketplace,https://aws.amazon.com/mp/
eu-central-2,AWS Network Firewall,https://aws.amazon.com/network-firewall/
eu-central-2,AWS Organizations,https://aws.amazon.com/organizations
eu-central-2,AWS Private Certificate Authority,https://aws.amazon.com/private-ca/
eu-central-2,AWS PrivateLink,https://aws.amazon.com/privatelink/
eu-central-2,AWS Resource Access Manager (RAM),https://aws.amazon.com/ram/
eu-central-2,AWS Resource Explorer,https://aws.amazon.com/resourceexplorer/
eu-central-2,AWS Resource Groups,https://docs.aws.amazon.com/ARG/index.html
eu-central-2,AWS Secrets Manager,https://aws.amazon.com/secrets-manager/
eu-central-2,AWS Security Hub,https://aws.amazon.com/security-hub/
eu-central-2,AWS Service Catalog,https://aws.amazon.com/servicecatalog/
eu-central-2,AWS Shield,https://aws.amazon.com/shield/
eu-central-2,AWS Step Functions,https://aws.amazon.com/step-functions/details/
eu-central-2,AWS Storage Gateway,https://aws.amazon.com/storagegateway/
eu-central-2,AWS Support,https://aws.amazon.com/premiumsupport/
eu-central-2,AWS Systems Manager,https://aws.amazon.com/systems-manager/
eu-central-2,AWS Transfer Family,https://aws.amazon.com/aws-transfer-family/
eu-central-2,AWS Transit Gateway,https://aws.amazon.com/transit-gateway/
eu-central-2,AWS Trusted Advisor,https://aws.amazon.com/premiumsupport/trustedadvisor/
eu-central-2,AWS User Notifications,https://aws.amazon.com/notifications/
eu-central-2,AWS VPN,https://aws.amazon.com/vpn/
eu-central-2,AWS WAF,https://aws.amazon.com/waf/
eu-central-2,AWS Wickr,https://aws.amazon.com/wickr/
eu-central-2,AWS X-Ray,https://aws.amazon.com/xray/
eu-central-2,Amazon API Gateway,https://aws.amazon.com/api-gateway/
eu-central-2,Amazon Application Recovery Controller,https://aws.amazon.com/application-recovery-controller/
eu-central-2,Amazon Athena,https://aws.amazon.com/athena/
eu-central-2,Amazon Aurora,https://aws.amazon.com/rds/aurora/
eu-central-2,Amazon Bedrock,https://aws.amazon.com/bedrock/
eu-central-2,Amazon CloudFront,https://aws.amazon.com/cloudfront/
eu-central-2,Amazon CloudWatch,https://aws.amazon.com/cloudwatch/
eu-central-2,Amazon CloudWatch Logs,https://aws.amazon.com/cloudwatch/
eu-central-2,Amazon Cognito,https://aws.amazon.com/cognito/
eu-central-2,Amazon Data Firehose,https://aws.amazon.com/firehose/
eu-central-2,Amazon DynamoDB,https://aws.amazon.com/dynamodb/
eu-central-2,Amazon EC2 Auto Scaling,https://aws.amazon.com/ec2/autoscaling/
eu-central-2,Amazon ElastiCache,https://aws.amazon.com/elasticache/
eu-central-2,Amazon Elastic Block Store (EBS),https://aws.amazon.com/ebs/
eu-central-2,Amazon Elastic Compute Cloud (EC2),https://aws.amazon.com/ec2/
eu-central-2,Amazon Elastic Container Registry (ECR),https://aws.amazon.com/ecr/
eu-central-2,Amazon Elastic Container Service (ECS),https://aws.amazon.com/ecs/
eu-central-2,Amazon Elastic File System (EFS),https://aws.amazon.com/efs/
eu-central-2,Amazon Elastic Kubernetes Service (EKS),https://aws.amazon.com/eks
eu-central-2,Amazon Elastic MapReduce (EMR),https://aws.amazon.com/emr/
eu-central-2,Amazon EventBridge,https://aws.amazon.com/eventbridge/
eu-central-2,Amazon FSx,https://aws.amazon.com/fsx/
eu-central-2,Amazon FSx for Lustre,https://aws.amazon.com/fsx/lustre/
eu-central-2,Amazon FSx for NetApp ONTAP,https://aws.amazon.com/fsx/netapp-ontap
eu-central-2,Amazon FSx for OpenZFS,https://aws.amazon.com/fsx/openzfs
eu-central-2,Amazon FSx for Windows File Server,https://aws.amazon.com/fsx/windows/
eu-central-2,Amazon GuardDuty,https://aws.amazon.com/guardduty/
eu-central-2,Amazon Inspector,https://aws.amazon.com/inspector/
eu-central-2,Amazon Kinesis Data Streams,https://aws.amazon.com/kinesis/streams/
eu-central-2,Amazon MQ,https://aws.amazon.com/amazon-mq/
eu-central-2,Amazon Managed Service for Apache Flink,https://aws.amazon.com/managed-service-apache-flink/
eu-central-2,Amazon Managed Streaming for Apache Kafka,https://aws.amazon.com/msk/
eu-central-2,Amazon Managed Workflows for Apache Airflow,https://aws.amazon.com/managed-workflows-for-apache-airflow/
eu-central-2,Amazon OpenSearch Service,https://aws.amazon.com/opensearch-service/
eu-central-2,Amazon Pinpoint and End User Messaging,https://aws.amazon.com/end-user-messaging/amazon-pinpoint-aws-end-user-messaging-landing-page/
eu-central-2,Amazon QuickSight,https://aws.amazon.com/quicksight/
eu-central-2,Amazon Redshift,https://aws.amazon.com/redshift/
eu-central-2,Amazon Relational Database Service (RDS),https://aws.amazon.com/rds/
eu-central-2,Amazon Route 53,https://aws.amazon.com/route53/
eu-central-2,Amazon SageMaker,https://aws.amazon.com/sagemaker/
eu-central-2,Amazon Simple Notification Service (SNS),https://aws.amazon.com/sns/
eu-central-2,Amazon Simple Queue Service (SQS),https://aws.amazon.com/sqs/
eu-central-2,Amazon Simple Storage Service (S3),https://aws.amazon.com/s3/
eu-central-2,Amazon Simple Workflow Service (SWF),https://aws.amazon.com/swf/
eu-central-2,Amazon Verified Permissions,https://aws.amazon.com/verified-permissions/
eu-central-2,Amazon Virtual Private Cloud (VPC),https://aws.amazon.com/vpc/
eu-central-2,EC2 Image Builder,https://aws.amazon.com/image-builder/
eu-central-2,Elastic Load Balancing,https://aws.amazon.com/elasticloadbalancing/
eu-central-2,Red Hat OpenShift Service on AWS (ROSA),https://aws.amazon.com/rosa/
eu-central-2,VMware Cloud on AWS,https://aws.amazon.com/vmware/
eu-north-1,AWS Amplify,https://aws.amazon.com/amplify/
eu-north-1,AWS App Mesh,https://aws.amazon.com/app-mesh/
eu-north-1,AWS AppSync,https://aws.amazon.com/appsync/
eu-north-1,AWS Application Migration Service (MGN),https://aws.amazon.com/application-migration-service/
eu-north-1,AWS Artifact,https://aws.amazon.com/artifact/
eu-north-1,AWS Auto Scaling,https://aws.amazon.com/autoscaling/
eu-north-1,AWS Backup,https://aws.amazon.com/backup/
eu-north-1,AWS Batch,https://aws.amazon.com/batch/
eu-north-1,AWS Certificate Manager,https://aws.amazon.com/certificate-manager/
eu-north-1,AWS Chatbot,https://aws.amazon.com/chatbot/
eu-north-1,AWS Clean Rooms,https://aws.amazon.com/clean-rooms/
eu-north-1,AWS Cloud Control API,https://aws.amazon.com/cloudcontrolapi/
eu-north-1,AWS Cloud Map,https://aws.amazon.com/cloud-map/
eu-north-1,AWS Cloud9,https://aws.amazon.com/cloud9/
eu-north-1,AWS CloudFormation,https://aws.amazon.com/cloudformation/
eu-north-1,AWS CloudHSM,https://aws.amazon.com/cloudhsm/
eu-north-1,AWS CloudShell,https://aws.amazon.com/cloudshell/
eu-north-1,AWS CloudTrail,https://aws.amazon.com/cloudtrail/
eu-north-1,AWS CodeArtifact,https://aws.amazon.com/codeartifact
eu-north-1,AWS CodeBuild,https://aws.amazon.com/codebuild/
eu-north-1,AWS CodeCommit,https://aws.amazon.com/codecommit/
eu-north-1,AWS CodeDeploy,https://aws.amazon.com/codedeploy/
eu-north-1,AWS CodePipeline,https://aws.amazon.com/codepipeline/
eu-north-1,AWS Compute Optimizer,https://aws.amazon.com/compute-optimizer/
eu-north-1,AWS Config,https://aws.amazon.com/config/
eu-north-1,AWS Control Tower,https://aws.amazon.com/controltower
eu-north-1,AWS DataSync,https://aws.amazon.com/datasync
eu-north-1,AWS Database Migration Service,https://aws.amazon.com/dms/
eu-north-1,AWS Direct Connect,https://aws.amazon.com/directconnect/
eu-north-1,AWS Directory Service,https://aws.amazon.com/directoryservice/
eu-north-1,AWS Elastic Beanstalk,https://aws.amazon.com/elasticbeanstalk/
eu-north-1,AWS Elastic Disaster Recovery (DRS),https://aws.amazon.com/disaster-recovery/
eu-north-1,AWS Elemental MediaConnect,https://aws.amazon.com/mediaconnect
eu-north-1,AWS Elemental MediaConvert,https://aws.amazon.com/mediaconvert/
eu-north-1,AWS Elemental MediaLive,https://aws.amazon.com/medialive/
eu-north-1,AWS Elemental MediaPackage,https://aws.amazon.com/mediapackage/
eu-north-1,AWS Elemental MediaStore,https://aws.amazon.com/mediastore/
eu-north-1,AWS Elemental MediaTailor,https://aws.amazon.com/mediatailor/
eu-north-1,AWS Fargate,https://aws.amazon.com/fargate/
eu-north-1,AWS Fault Injection Service,https://aws.amazon.com/fis/
eu-north-1,AWS Firewall Manager,https://aws.amazon.com/firewall-manager/
eu-north-1,AWS Global Accelerator,https://aws.amazon.com/global-accelerator
eu-north-1,AWS Glue,https://aws.amazon.com/glue/
eu-north-1,AWS Ground Station,https://aws.amazon.com/ground-station/
eu-north-1,AWS Health Dashboard,https://aws.amazon.com/premiumsupport/technology/aws-health-dashboard/
eu-north-1,AWS IAM Identity Center,https://aws.amazon.com/iam/identity-center/
eu-north-1,AWS IQ,https://aws.amazon.com/iq/
eu-north-1,AWS Identity and Access Management (IAM),https://aws.amazon.com/iam
eu-north-1,AWS IoT Core,https://aws.amazon.com/iot/
eu-north-1,AWS IoT Device Defender,https://aws.amazon.com/iot-device-defender/
eu-north-1,AWS IoT Device Management,https://aws.amazon.com/iot-device-management/
eu-north-1,AWS Key Management Service,https://aws.amazon.com/kms/
eu-north-1,AWS Lake Formation,https://aws.amazon.com/lake-formation/
eu-north-1,AWS Lambda,https://aws.amazon.com/lambda/
eu-north-1,AWS Launch Wizard,https://aws.amazon.com/launchwizard/
eu-north-1,AWS License Manager,https://aws.amazon.com/license-manager/
eu-north-1,AWS Mainframe Modernization,https://aws.amazon.com/mainframe-modernization/
eu-north-1,AWS Managed Services,https://aws.amazon.com/managed-services/
eu-north-1,AWS Marketplace,https://aws.amazon.com/mp/
eu-north-1,AWS Network Firewall,https://aws.amazon.com/network-firewall/
eu-north-1,AWS Organizations,https://aws.amazon.com/organizations
eu-north-1,AWS Outposts,https://aws.amazon.com/outposts/
eu-north-1,AWS Private Certificate Authority,https://aws.amazon.com/private-ca/
eu-north-1,AWS PrivateLink,https://aws.amazon.com/privatelink/
eu-north-1,AWS Resilience Hub,https://aws.amazon.com/resilience-hub/
eu-north-1,AWS Resource Access Manager (RAM),https://aws.amazon.com/ram/
eu-north-1,AWS Resource Explorer,https://aws.amazon.com/resourceexplorer/
eu-north-1,AWS Resource Groups,https://docs.aws.amazon.com/ARG/index.html
eu-north-1,AWS Secrets Manager,https://aws.amazon.com/secrets-manager/
eu-north-1,AWS Security Hub,https://aws.amazon.com/security-hub/
eu-north-1,AWS Serverless Application Repository,https://aws.amazon.com/serverless/serverlessrepo/
eu-north-1,AWS Service Catalog,https://aws.amazon.com/servicecatalog/
eu-north-1,AWS Shield,https://aws.amazon.com/shield/
eu-north-1,AWS Signer,https://docs.aws.amazon.com/signer/latest/developerguide/Welcome.html
eu-north-1,AWS SimSpace Weaver,https://aws.amazon.com/simspaceweaver/
eu-north-1,AWS Snowball,https://aws.amazon.com/snowball/
eu-north-1,AWS Step Functions,https://aws.amazon.com/step-functions/details/
eu-north-1,AWS Storage Gateway,https://aws.amazon.com/storagegateway/
eu-north-1,AWS Support,https://aws.amazon.com/premiumsupport/
eu-north-1,AWS Systems Manager,https://aws.amazon.com/systems-manager/
eu-north-1,AWS Telco Network Builder,https://aws.amazon.com/tnb/
eu-north-1,AWS Transfer Family,https://aws.amazon.com/aws-transfer-family/
eu-north-1,AWS Transit Gateway,https://aws.amazon.com/transit-gateway/
eu-north-1,AWS Trusted Advisor,https://aws.amazon.com/premiumsupport/trustedadvisor/
eu-north-1,AWS User Notifications,https://aws.amazon.com/notifications/
eu-north-1,AWS VPN,https://aws.amazon.com/vpn/
eu-north-1,AWS Verified Access,https://aws.amazon.com/verified-access/
eu-north-1,AWS WAF,https://aws.amazon.com/waf/
eu-north-1,AWS Well-Architected Tool,https://aws.amazon.com/well-architected-tool
eu-north-1,AWS Wickr,https://aws.amazon.com/wickr/
eu-north-1,AWS X-Ray,https://aws.amazon.com/xray/
eu-north-1,Amazon API Gateway,https://aws.amazon.com/api-gateway/
eu-north-1,Amazon Application Recovery Controller,https://aws.amazon.com/application-recovery-controller/
eu-north-1,Amazon Athena,https://aws.amazon.com/athena/
eu-north-1,Amazon Aurora,https://aws.amazon.com/rds/aurora/
eu-north-1,Amazon Braket,https://aws.amazon.com/braket/
eu-north-1,Amazon Chime,https://chime.aws/
eu-north-1,Amazon Chime SDK,https://aws.amazon.com/chime/chime-sdk/
eu-north-1,Amazon CloudFront,https://aws.amazon.com/cloudfront/
eu-north-1,Amazon CloudWatch,https://aws.amazon.com/cloudwatch/
eu-north-1,Amazon CloudWatch Logs,https://aws.amazon.com/cloudwatch/
eu-north-1,Amazon CodeGuru,https://aws.amazon.com/codeguru/
eu-north-1,Amazon Cognito,https://aws.amazon.com/cognito/
eu-north-1,Amazon Data Firehose,https://aws.amazon.com/firehose/
eu-north-1,Amazon DataZone,https://aws.amazon.com/datazone/
eu-north-1,Amazon Detective,https://aws.amazon.com/detective/
eu-north-1,Amazon DevOps Guru,https://aws.amazon.com/devops-guru/
eu-north-1,Amazon DynamoDB,https://aws.amazon.com/dynamodb/
eu-north-1,Amazon DynamoDB Accelerator,https://aws.amazon.com/dynamodb/dax/
eu-north-1,Amazon EC2 Auto Scaling,https://aws.amazon.com/ec2/autoscaling/
eu-north-1,Amazon ElastiCache,https://aws.amazon.com/elasticache/
eu-north-1,Amazon Elastic Block Store (EBS),https://aws.amazon.com/ebs/
eu-north-1,Amazon Elastic Compute Cloud (EC2),https://aws.amazon.com/ec2/
eu-north-1,Amazon Elastic Container Registry (ECR),https://aws.amazon.com/ecr/
eu-north-1,Amazon Elastic Container Service (ECS),https://aws.amazon.com/ecs/
eu-north-1,Amazon Elastic File System (EFS),https://aws.amazon.com/efs/
eu-north-1,Amazon Elastic Kubernetes Service (EKS),https://aws.amazon.com/eks
eu-north-1,Amazon Elastic MapReduce (EMR),https://aws.amazon.com/emr/
eu-north-1,Amazon EventBridge,https://aws.amazon.com/eventbridge/
eu-north-1,Amazon FSx,https://aws.amazon.com/fsx/
eu-north-1,Amazon FSx for Lustre,https://aws.amazon.com/fsx/lustre/
eu-north-1,Amazon FSx for NetApp ONTAP,https://aws.amazon.com/fsx/netapp-ontap
eu-north-1,Amazon FSx for OpenZFS,https://aws.amazon.com/fsx/openzfs
eu-north-1,Amazon FSx for Windows File Server,https://aws.amazon.com/fsx/windows/
eu-north-1,Amazon GameLift,https://aws.amazon.com/gamelift/
eu-north-1,Amazon GuardDuty,https://aws.amazon.com/guardduty/
eu-north-1,Amazon Inspector,https://aws.amazon.com/inspector/
eu-north-1,Amazon Inspector Classic,https://docs.aws.amazon.com/inspector/v1/userguide/inspector_introduction.html
eu-north-1,Amazon Keyspaces (for Apache Cassandra),https://aws.amazon.com/keyspaces/
eu-north-1,Amazon Kinesis Data Streams,https://aws.amazon.com/kinesis/streams/
eu-north-1,Amazon Lightsail,https://amazonlightsail.com/
eu-north-1,Amazon Location Service,https://aws.amazon.com/location
eu-north-1,Amazon Lookout for Metrics,https://aws.amazon.com/lookout-for-metrics/
eu-north-1,Amazon Lumberyard,https://aws.amazon.com/lumberyard/
eu-north-1,Amazon MQ,https://aws.amazon.com/amazon-mq/
eu-north-1,Amazon Macie,https://aws.amazon.com/macie/
eu-north-1,Amazon Managed Service for Apache Flink,https://aws.amazon.com/managed-service-apache-flink/
eu-north-1,Amazon Managed Service for Prometheus,https://aws.amazon.com/prometheus/
eu-north-1,Amazon Managed Streaming for Apache Kafka,https://aws.amazon.com/msk/
eu-north-1,Amazon Managed Workflows for Apache Airflow,https://aws.amazon.com/managed-workflows-for-apache-airflow/
eu-north-1,Amazon MemoryDB,https://aws.amazon.com/memorydb
eu-north-1,Amazon Neptune,https://aws.amazon.com/neptune/
eu-north-1,Amazon Nimble Studio,https://aws.amazon.com/nimble-studio/
eu-north-1,Amazon OpenSearch Service,https://aws.amazon.com/opensearch-service/
eu-north-1,Amazon Pinpoint and End User Messaging,https://aws.amazon.com/end-user-messaging/amazon-pinpoint-aws-end-user-messaging-landing-page/
eu-north-1,Amazon Polly,https://aws.amazon.com/polly/
eu-north-1,Amazon QuickSight,https://aws.amazon.com/quicksight/
eu-north-1,Amazon Redshift,https://aws.amazon.com/redshift/
eu-north-1,Amazon Relational Database Service (RDS),https://aws.amazon.com/rds/
eu-north-1,Amazon Route 53,https://aws.amazon.com/route53/
eu-north-1,Amazon SageMaker,https://aws.amazon.com/sagemaker/
eu-north-1,Amazon Security Lake,https://aws.amazon.com/security-lake/
eu-north-1,Amazon Simple Email Service (SES),https://aws.amazon.com/ses/
eu-north-1,Amazon Simple Notification Service (SNS),https://aws.amazon.com/sns/
eu-north-1,Amazon Simple Queue Service (SQS),https://aws.amazon.com/sqs/
eu-north-1,Amazon Simple Storage Service (S3),https://aws.amazon.com/s3/
eu-north-1,Amazon Simple Workflow Service (SWF),https://aws.amazon.com/swf/
eu-north-1,Amazon Transcribe,https://aws.amazon.com/transcribe/
eu-north-1,Amazon Translate,https://aws.amazon.com/translate/
eu-north-1,Amazon VPC Lattice,https://aws.amazon.com/vpc/lattice/
eu-north-1,Amazon Verified Permissions,https://aws.amazon.com/verified-permissions/
eu-north-1,Amazon Virtual Private Cloud (VPC),https://aws.amazon.com/vpc/
eu-north-1,CloudEndure Disaster Recovery,https://aws.amazon.com/cloudendure-disaster-recovery/
eu-north-1,CloudEndure Migration,https://aws.amazon.com/cloudendure-migration/
eu-north-1,EC2 Image Builder,https://aws.amazon.com/image-builder/
eu-north-1,Elastic Load Balancing,https://aws.amazon.com/elasticloadbalancing/
eu-north-1,FreeRTOS,https://aws.amazon.com/freertos/
eu-north-1,Red Hat OpenShift Service on AWS (ROSA),https://aws.amazon.com/rosa/
eu-north-1,VMware Cloud on AWS,https://aws.amazon.com/vmware/
eu-south-1,AWS Amplify,https://aws.amazon.com/amplify/
eu-south-1,AWS App Mesh,https://aws.amazon.com/app-mesh/
eu-south-1,AWS AppSync,https://aws.amazon.com/appsync/
eu-south-1,AWS Application Migration Service (MGN),https://aws.amazon.com/application-migration-service/
eu-south-1,AWS Artifact,https://aws.amazon.com/artifact/
eu-south-1,AWS Auto Scaling,https://aws.amazon.com/autoscaling/
eu-south-1,AWS Backup,https://aws.amazon.com/backup/
eu-south-1,AWS Batch,https://aws.amazon.com/batch/
eu-south-1,AWS Certificate Manager,https://aws.amazon.com/certificate-manager/
eu-south-1,AWS Chatbot,https://aws.amazon.com/chatbot/
eu-south-1,AWS Cloud Control API,https://aws.amazon.com/cloudcontrolapi/
eu-south-1,AWS Cloud Map,https://aws.amazon.com/cloud-map/
eu-south-1,AWS Cloud9,https://aws.amazon.com/cloud9/
eu-south-1,AWS CloudFormation,https://aws.amazon.com/cloudformation/
eu-south-1,AWS CloudHSM,https://aws.amazon.com/cloudhsm/
eu-south-1,AWS CloudShell,https://aws.amazon.com/cloudshell/
eu-south-1,AWS CloudTrail,https://aws.amazon.com/cloudtrail/
eu-south-1,AWS CodeArtifact,https://aws.amazon.com/codeartifact
eu-south-1,AWS CodeBuild,https://aws.amazon.com/codebuild/
eu-south-1,AWS CodeCommit,https://aws.amazon.com/codecommit/
eu-south-1,AWS CodeDeploy,https://aws.amazon.com/codedeploy/
eu-south-1,AWS CodePipeline,https://aws.amazon.com/codepipeline/
eu-south-1,AWS Compute Optimizer,https://aws.amazon.com/compute-optimizer/
eu-south-1,AWS Config,https://aws.amazon.com/config/
eu-south-1,AWS Control Tower,https://aws.amazon.com/controltower
eu-south-1,AWS DataSync,https://aws.amazon.com/datasync
eu-south-1,AWS Database Migration Service,https://aws.amazon.com/dms/
eu-south-1,AWS Direct Connect,https://aws.amazon.com/directconnect/
eu-south-1,AWS Directory Service,https://aws.amazon.com/directoryservice/
eu-south-1,AWS Elastic Beanstalk,https://aws.amazon.com/elasticbeanstalk/
eu-south-1,AWS Elastic Disaster Recovery (DRS),https://aws.amazon.com/disaster-recovery/
eu-south-1,AWS Fargate,https://aws.amazon.com/fargate/
eu-south-1,AWS Fault Injection Service,https://aws.amazon.com/fis/
eu-south-1,AWS Firewall Manager,https://aws.amazon.com/firewall-manager/
eu-south-1,AWS Global Accelerator,https://aws.amazon.com/global-accelerator
eu-south-1,AWS Glue,https://aws.amazon.com/glue/
eu-south-1,AWS Health Dashboard,https://aws.amazon.com/premiumsupport/technology/aws-health-dashboard/
eu-south-1,AWS IAM Identity Center,https://aws.amazon.com/iam/identity-center/
eu-south-1,AWS IQ,https://aws.amazon.com/iq/
eu-south-1,AWS Identity and Access Management (IAM),https://aws.amazon.com/iam
eu-south-1,AWS Key Management Service,https://aws.amazon.com/kms/
eu-south-1,AWS Lake Formation,https://aws.amazon.com/lake-formation/
eu-south-1,AWS Lambda,https://aws.amazon.com/lambda/
eu-south-1,AWS Launch Wizard,https://aws.amazon.com/launchwizard/
eu-south-1,AWS License Manager,https://aws.amazon.com/license-manager/
eu-south-1,AWS Mainframe Modernization,https://aws.amazon.com/mainframe-modernization/
eu-south-1,AWS Marketplace,https://aws.amazon.com/mp/
eu-south-1,AWS Network Firewall,https://aws.amazon.com/network-firewall/
eu-south-1,AWS Organizations,https://aws.amazon.com/organizations
eu-south-1,AWS Outposts,https://aws.amazon.com/outposts/
eu-south-1,AWS Private Certificate Authority,https://aws.amazon.com/private-ca/
eu-south-1,AWS PrivateLink,https://aws.amazon.com/privatelink/
eu-south-1,AWS Resilience Hub,https://aws.amazon.com/resilience-hub/
eu-south-1,AWS Resource Access Manager (RAM),https://aws.amazon.com/ram/
eu-south-1,AWS Resource Explorer,https://aws.amazon.com/resourceexplorer/
eu-south-1,AWS Resource Groups,https://docs.aws.amazon.com/ARG/index.html
eu-south-1,AWS Secrets Manager,https://aws.amazon.com/secrets-manager/
eu-south-1,AWS Security Hub,https://aws.amazon.com/security-hub/
eu-south-1,AWS Service Catalog,https://aws.amazon.com/servicecatalog/
eu-south-1,AWS Shield,https://aws.amazon.com/shield/
eu-south-1,AWS Signer,https://docs.aws.amazon.com/signer/latest/developerguide/Welcome.html
eu-south-1,AWS Snowball,https://aws.amazon.com/snowball/
eu-south-1,AWS Step Functions,https://aws.amazon.com/step-functions/details/
eu-south-1,AWS Storage Gateway,https://aws.amazon.com/storagegateway/
eu-south-1,AWS Support,https://aws.amazon.com/premiumsupport/
eu-south-1,AWS Systems Manager,https://aws.amazon.com/systems-manager/
eu-south-1,AWS Transfer Family,https://aws.amazon.com/aws-transfer-family/
eu-south-1,AWS Transit Gateway,https://aws.amazon.com/transit-gateway/
eu-south-1,AWS Trusted Advisor,https://aws.amazon.com/premiumsupport/trustedadvisor/
eu-south-1,AWS User Notifications,https://aws.amazon.com/notifications/
eu-south-1,AWS VPN,https://aws.amazon.com/vpn/
eu-south-1,AWS Verified Access,https://aws.amazon.com/verified-access/
eu-south-1,AWS WAF,https://aws.amazon.com/waf/
eu-south-1,AWS X-Ray,https://aws.amazon.com/xray/
eu-south-1,Amazon API Gateway,https://aws.amazon.com/api-gateway/
eu-south-1,Amazon Application Recovery Controller,https://aws.amazon.com/application-recovery-controller/
eu-south-1,Amazon Athena,https://aws.amazon.com/athena/
eu-south-1,Amazon Aurora,https://aws.amazon.com/rds/aurora/
eu-south-1,Amazon Chime,https://chime.aws/
eu-south-1,Amazon Chime SDK,https://aws.amazon.com/chime/chime-sdk/
eu-south-1,Amazon CloudFront,https://aws.amazon.com/cloudfront/
eu-south-1,Amazon CloudWatch,https://aws.amazon.com/cloudwatch/
eu-south-1,Amazon CloudWatch Logs,https://aws.amazon.com/cloudwatch/
eu-south-1,Amazon Cognito,https://aws.amazon.com/cognito/
eu-south-1,Amazon Data Firehose,https://aws.amazon.com/firehose/
eu-south-1,Amazon Detective,https://aws.amazon.com/detective/
eu-south-1,Amazon DocumentDB (with MongoDB compatibility),https://aws.amazon.com/documentdb/
eu-south-1,Amazon DynamoDB,https://aws.amazon.com/dynamodb/
eu-south-1,Amazon EC2 Auto Scaling,https://aws.amazon.com/ec2/autoscaling/
eu-south-1,Amazon ElastiCache,https://aws.amazon.com/elasticache/
eu-south-1,Amazon Elastic Block Store (EBS),https://aws.amazon.com/ebs/
eu-south-1,Amazon Elastic Compute Cloud (EC2),https://aws.amazon.com/ec2/
eu-south-1,Amazon Elastic Container Registry (ECR),https://aws.amazon.com/ecr/
eu-south-1,Amazon Elastic Container Service (ECS),https://aws.amazon.com/ecs/
eu-south-1,Amazon Elastic File System (EFS),https://aws.amazon.com/efs/
eu-south-1,Amazon Elastic Kubernetes Service (EKS),https://aws.amazon.com/eks
eu-south-1,Amazon Elastic MapReduce (EMR),https://aws.amazon.com/emr/
eu-south-1,Amazon EventBridge,https://aws.amazon.com/eventbridge/
eu-south-1,Amazon FSx,https://aws.amazon.com/fsx/
eu-south-1,Amazon FSx for Lustre,https://aws.amazon.com/fsx/lustre/
eu-south-1,Amazon FSx for NetApp ONTAP,https://aws.amazon.com/fsx/netapp-ontap
eu-south-1,Amazon FSx for OpenZFS,https://aws.amazon.com/fsx/openzfs
eu-south-1,Amazon FSx for Windows File Server,https://aws.amazon.com/fsx/windows/
eu-south-1,Amazon GameLift,https://aws.amazon.com/gamelift/
eu-south-1,Amazon GuardDuty,https://aws.amazon.com/guardduty/
eu-south-1,Amazon Inspector,https://aws.amazon.com/inspector/
eu-south-1,Amazon Kinesis Data Streams,https://aws.amazon.com/kinesis/streams/
eu-south-1,Amazon MQ,https://aws.amazon.com/amazon-mq/
eu-south-1,Amazon Macie,https://aws.amazon.com/macie/
eu-south-1,Amazon Managed Service for Apache Flink,https://aws.amazon.com/managed-service-apache-flink/
eu-south-1,Amazon Managed Streaming for Apache Kafka,https://aws.amazon.com/msk/
eu-south-1,Amazon Managed Workflows for Apache Airflow,https://aws.amazon.com/managed-workflows-for-apache-airflow/
eu-south-1,Amazon MemoryDB,https://aws.amazon.com/memorydb
eu-south-1,Amazon OpenSearch Service,https://aws.amazon.com/opensearch-service/
eu-south-1,Amazon Pinpoint and End User Messaging,https://aws.amazon.com/end-user-messaging/amazon-pinpoint-aws-end-user-messaging-landing-page/
eu-south-1,Amazon QuickSight,https://aws.amazon.com/quicksight/
eu-south-1,Amazon Redshift,https://aws.amazon.com/redshift/
eu-south-1,Amazon Relational Database Service (RDS),https://aws.amazon.com/rds/
eu-south-1,Amazon Route 53,https://aws.amazon.com/route53/
eu-south-1,Amazon SageMaker,https://aws.amazon.com/sagemaker/
eu-south-1,Amazon Simple Email Service (SES),https://aws.amazon.com/ses/
eu-south-1,Amazon Simple Notification Service (SNS),https://aws.amazon.com/sns/
eu-south-1,Amazon Simple Queue Service (SQS),https://aws.amazon.com/sqs/
eu-south-1,Amazon Simple Storage Service (S3),https://aws.amazon.com/s3/
eu-south-1,Amazon Simple Workflow Service (SWF),https://aws.amazon.com/swf/
eu-south-1,Amazon VPC Lattice,https://aws.amazon.com/vpc/lattice/
eu-south-1,Amazon Verified Permissions,https://aws.amazon.com/verified-permissions/
eu-south-1,Amazon Virtual Private Cloud (VPC),https://aws.amazon.com/vpc/
eu-south-1,CloudEndure Disaster Recovery,https://aws.amazon.com/cloudendure-disaster-recovery/
eu-south-1,CloudEndure Migration,https://aws.amazon.com/cloudendure-migration/
eu-south-1,EC2 Image Builder,https://aws.amazon.com/image-builder/
eu-south-1,Elastic Load Balancing,https://aws.amazon.com/elasticloadbalancing/
eu-south-1,Red Hat OpenShift Service on AWS (ROSA),https://aws.amazon.com/rosa/
eu-south-1,VMware Cloud on AWS,https://aws.amazon.com/vmware/
eu-south-2,AWS App Mesh,https://aws.amazon.com/app-mesh/
eu-south-2,AWS AppSync,https://aws.amazon.com/appsync/
eu-south-2,AWS Application Migration Service (MGN),https://aws.amazon.com/application-migration-service/
eu-south-2,AWS Artifact,https://aws.amazon.com/artifact/
eu-south-2,AWS Backup,https://aws.amazon.com/backup/
eu-south-2,AWS Batch,https://aws.amazon.com/batch/
eu-south-2,AWS Certificate Manager,https://aws.amazon.com/certificate-manager/
eu-south-2,AWS Chatbot,https://aws.amazon.com/chatbot/
eu-south-2,AWS Cloud Control API,https://aws.amazon.com/cloudcontrolapi/
eu-south-2,AWS Cloud Map,https://aws.amazon.com/cloud-map/
eu-south-2,AWS CloudFormation,https://aws.amazon.com/cloudformation/
eu-south-2,AWS CloudShell,https://aws.amazon.com/cloudshell/
eu-south-2,AWS CloudTrail,https://aws.amazon.com/cloudtrail/
eu-south-2,AWS CodeBuild,https://aws.amazon.com/codebuild/
eu-south-2,AWS CodeDeploy,https://aws.amazon.com/codedeploy/
eu-south-2,AWS CodePipeline,https://aws.amazon.com/codepipeline/
eu-south-2,AWS Compute Optimizer,https://aws.amazon.com/compute-optimizer/
eu-south-2,AWS Config,https://aws.amazon.com/config/
eu-south-2,AWS Control Tower,https://aws.amazon.com/controltower
eu-south-2,AWS DataSync,https://aws.amazon.com/datasync
eu-south-2,AWS Database Migration Service,https://aws.amazon.com/dms/
eu-south-2,AWS Direct Connect,https://aws.amazon.com/directconnect/
eu-south-2,AWS Directory Service,https://aws.amazon.com/directoryservice/
eu-south-2,AWS Elastic Disaster Recovery (DRS),https://aws.amazon.com/disaster-recovery/
eu-south-2,AWS Fargate,https://aws.amazon.com/fargate/
eu-south-2,AWS Fault Injection Service,https://aws.amazon.com/fis/
eu-south-2,AWS Firewall Manager,https://aws.amazon.com/firewall-manager/
eu-south-2,AWS Global Accelerator,https://aws.amazon.com/global-accelerator
eu-south-2,AWS Glue,https://aws.amazon.com/glue/
eu-south-2,AWS Health Dashboard,https://aws.amazon.com/premiumsupport/technology/aws-health-dashboard/
eu-south-2,AWS IAM Identity Center,https://aws.amazon.com/iam/identity-center/
eu-south-2,AWS Identity and Access Management (IAM),https://aws.amazon.com/iam
eu-south-2,AWS Key Management Service,https://aws.amazon.com/kms/
eu-south-2,AWS Lake Formation,https://aws.amazon.com/lake-formation/
eu-south-2,AWS Lambda,https://aws.amazon.com/lambda/
eu-south-2,AWS Launch Wizard,https://aws.amazon.com/launchwizard/
eu-south-2,AWS License Manager,https://aws.amazon.com/license-manager/
eu-south-2,AWS Mainframe Modernization,https://aws.amazon.com/mainframe-modernization/
eu-south-2,AWS Marketplace,https://aws.amazon.com/mp/
eu-south-2,AWS Network Firewall,https://aws.amazon.com/network-firewall/
eu-south-2,AWS Organizations,https://aws.amazon.com/organizations
eu-south-2,AWS Outposts,https://aws.amazon.com/outposts/
eu-south-2,AWS Private Certificate Authority,https://aws.amazon.com/private-ca/
eu-south-2,AWS PrivateLink,https://aws.amazon.com/privatelink/
eu-south-2,AWS Resource Access Manager (RAM),https://aws.amazon.com/ram/
eu-south-2,AWS Resource Explorer,https://aws.amazon.com/resourceexplorer/
eu-south-2,AWS Resource Groups,https://docs.aws.amazon.com/ARG/index.html
eu-south-2,AWS Secrets Manager,https://aws.amazon.com/secrets-manager/
eu-south-2,AWS Security Hub,https://aws.amazon.com/security-hub/
eu-south-2,AWS Service Catalog,https://aws.amazon.com/servicecatalog/
eu-south-2,AWS Shield,https://aws.amazon.com/shield/
eu-south-2,AWS Step Functions,https://aws.amazon.com/step-functions/details/
eu-south-2,AWS Storage Gateway,https://aws.amazon.com/storagegateway/
eu-south-2,AWS Support,https://aws.amazon.com/premiumsupport/
eu-south-2,AWS Systems Manager,https://aws.amazon.com/systems-manager/
eu-south-2,AWS Telco Network Builder,https://aws.amazon.com/tnb/
eu-south-2,AWS Transfer Family,https://aws.amazon.com/aws-transfer-family/
eu-south-2,AWS Transit Gateway,https://aws.amazon.com/transit-gateway/
eu-south-2,AWS Trusted Advisor,https://aws.amazon.com/premiumsupport/trustedadvisor/
eu-south-2,AWS User Notifications,https://aws.amazon.com/notifications/
eu-south-2,AWS VPN,https://aws.amazon.com/vpn/
eu-south-2,AWS WAF,https://aws.amazon.com/waf/
eu-south-2,AWS X-Ray,https://aws.amazon.com/xray/
eu-south-2,Amazon API Gateway,https://aws.amazon.com/api-gateway/
eu-south-2,Amazon Application Recovery Controller,https://aws.amazon.com/application-recovery-controller/
eu-south-2,Amazon Athena,https://aws.amazon.com/athena/
eu-south-2,Amazon Aurora,https://aws.amazon.com/rds/aurora/
eu-south-2,Amazon CloudFront,https://aws.amazon.com/cloudfront/
eu-south-2,Amazon CloudWatch,https://aws.amazon.com/cloudwatch/
eu-south-2,Amazon CloudWatch Logs,https://aws.amazon.com/cloudwatch/
eu-south-2,Amazon Cognito,https://aws.amazon.com/cognito/
eu-south-2,Amazon Data Firehose,https://aws.amazon.com/firehose/
eu-south-2,Amazon DocumentDB (with MongoDB compatibility),https://aws.amazon.com/documentdb/
eu-south-2,Amazon DynamoDB,https://aws.amazon.com/dynamodb/
eu-south-2,Amazon DynamoDB Accelerator,https://aws.amazon.com/dynamodb/dax/
eu-south-2,Amazon EC2 Auto Scaling,https://aws.amazon.com/ec2/autoscaling/
eu-south-2,Amazon ElastiCache,https://aws.amazon.com/elasticache/
eu-south-2,Amazon Elastic Block Store (EBS),https://aws.amazon.com/ebs/
eu-south-2,Amazon Elastic Compute Cloud (EC2),https://aws.amazon.com/ec2/
eu-south-2,Amazon Elastic Container Registry (ECR),https://aws.amazon.com/ecr/
eu-south-2,Amazon Elastic Container Service (ECS),https://aws.amazon.com/ecs/
eu-south-2,Amazon Elastic File System (EFS),https://aws.amazon.com/efs/
eu-south-2,Amazon Elastic Kubernetes Service (EKS),https://aws.amazon.com/eks
eu-south-2,Amazon Elastic MapReduce (EMR),https://aws.amazon.com/emr/
eu-south-2,Amazon EventBridge,https://aws.amazon.com/eventbridge/
eu-south-2,Amazon FSx,https://aws.amazon.com/fsx/
eu-south-2,Amazon FSx for Lustre,https://aws.amazon.com/fsx/lustre/
eu-south-2,Amazon FSx for NetApp ONTAP,https://aws.amazon.com/fsx/netapp-ontap
eu-south-2,Amazon FSx for OpenZFS,https://aws.amazon.com/fsx/openzfs
eu-south-2,Amazon FSx for Windows File Server,https://aws.amazon.com/fsx/windows/
eu-south-2,Amazon GuardDuty,https://aws.amazon.com/guardduty/
eu-south-2,Amazon Kinesis Data Streams,https://aws.amazon.com/kinesis/streams/
eu-south-2,Amazon Location Service,https://aws.amazon.com/location
eu-south-2,Amazon MQ,https://aws.amazon.com/amazon-mq/
eu-south-2,Amazon Managed Service for Apache Flink,https://aws.amazon.com/managed-service-apache-flink/
eu-south-2,Amazon Managed Streaming for Apache Kafka,https://aws.amazon.com/msk/
eu-south-2,Amazon Managed Workflows for Apache Airflow,https://aws.amazon.com/managed-workflows-for-apache-airflow/
eu-south-2,Amazon MemoryDB,https://aws.amazon.com/memorydb
eu-south-2,Amazon Neptune,https://aws.amazon.com/neptune/
eu-south-2,Amazon OpenSearch Service,https://aws.amazon.com/opensearch-service/
eu-south-2,Amazon Pinpoint and End User Messaging,https://aws.amazon.com/end-user-messaging/amazon-pinpoint-aws-end-user-messaging-landing-page/
eu-south-2,Amazon Redshift,https://aws.amazon.com/redshift/
eu-south-2,Amazon Rekognition,https://aws.amazon.com/rekognition/
eu-south-2,Amazon Relational Database Service (RDS),https://aws.amazon.com/rds/
eu-south-2,Amazon Route 53,https://aws.amazon.com/route53/
eu-south-2,Amazon SageMaker,https://aws.amazon.com/sagemaker/
eu-south-2,Amazon Simple Notification Service (SNS),https://aws.amazon.com/sns/
eu-south-2,Amazon Simple Queue Service (SQS),https://aws.amazon.com/sqs/
eu-south-2,Amazon Simple Storage Service (S3),https://aws.amazon.com/s3/
eu-south-2,Amazon Simple Workflow Service (SWF),https://aws.amazon.com/swf/
eu-south-2,Amazon Textract,https://aws.amazon.com/textract
eu-south-2,Amazon Verified Permissions,https://aws.amazon.com/verified-permissions/
eu-south-2,Amazon Virtual Private Cloud (VPC),https://aws.amazon.com/vpc/
eu-south-2,EC2 Image Builder,https://aws.amazon.com/image-builder/
eu-south-2,Elastic Load Balancing,https://aws.amazon.com/elasticloadbalancing/
eu-south-2,Red Hat OpenShift Service on AWS (ROSA),https://aws.amazon.com/rosa/
eu-west-1,AWS Amplify,https://aws.amazon.com/amplify/
eu-west-1,AWS App Mesh,https://aws.amazon.com/app-mesh/
eu-west-1,AWS App Runner,https://aws.amazon.com/apprunner/
eu-west-1,AWS AppFabric,https://aws.amazon.com/appfabric/
eu-west-1,AWS AppSync,https://aws.amazon.com/appsync/
eu-west-1,AWS Application Discovery Service,https://aws.amazon.com/application-discovery/
eu-west-1,AWS Application Migration Service (MGN),https://aws.amazon.com/application-migration-service/
eu-west-1,AWS Artifact,https://aws.amazon.com/artifact/
eu-west-1,AWS Audit Manager,https://aws.amazon.com/audit-manager/
eu-west-1,AWS Auto Scaling,https://aws.amazon.com/autoscaling/
eu-west-1,AWS Backup,https://aws.amazon.com/backup/
eu-west-1,AWS Batch,https://aws.amazon.com/batch/
eu-west-1,AWS Budgets,https://aws.amazon.com/aws-cost-management/aws-budgets/
eu-west-1,AWS Certificate Manager,https://aws.amazon.com/certificate-manager/
eu-west-1,AWS Chatbot,https://aws.amazon.com/chatbot/
eu-west-1,AWS Clean Rooms,https://aws.amazon.com/clean-rooms/
eu-west-1,AWS Cloud Control API,https://aws.amazon.com/cloudcontrolapi/
eu-west-1,AWS Cloud Map,https://aws.amazon.com/cloud-map/
eu-west-1,AWS Cloud9,https://aws.amazon.com/cloud9/
eu-west-1,AWS CloudFormation,https://aws.amazon.com/cloudformation/
eu-west-1,AWS CloudHSM,https://aws.amazon.com/cloudhsm/
eu-west-1,AWS CloudShell,https://aws.amazon.com/cloudshell/
eu-west-1,AWS CloudTrail,https://aws.amazon.com/cloudtrail/
eu-west-1,AWS CodeArtifact,https://aws.amazon.com/codeartifact
eu-west-1,AWS CodeBuild,https://aws.amazon.com/codebuild/
eu-west-1,AWS CodeCommit,https://aws.amazon.com/codecommit/
eu-west-1,AWS CodeDeploy,https://aws.amazon.com/codedeploy/
eu-west-1,AWS CodePipeline,https://aws.amazon.com/codepipeline/
eu-west-1,AWS Compute Optimizer,https://aws.amazon.com/compute-optimizer/
eu-west-1,AWS Config,https://aws.amazon.com/config/
eu-west-1,AWS Control Tower,https://aws.amazon.com/controltower
eu-west-1,AWS Data Exchange,https://aws.amazon.com/data-exchange/
eu-west-1,AWS Data Pipeline,https://aws.amazon.com/datapipeline/
eu-west-1,AWS DataSync,https://aws.amazon.com/datasync
eu-west-1,AWS Database Migration Service,https://aws.amazon.com/dms/
eu-west-1,AWS Deadline Cloud,https://aws.amazon.com/deadline-cloud/
eu-west-1,AWS Direct Connect,https://aws.amazon.com/directconnect/
eu-west-1,AWS Directory Service,https://aws.amazon.com/directoryservice/
eu-west-1,AWS Elastic Beanstalk,https://aws.amazon.com/elasticbeanstalk/
eu-west-1,AWS Elastic Disaster Recovery (DRS),https://aws.amazon.com/disaster-recovery/
eu-west-1,AWS Elemental MediaConnect,https://aws.amazon.com/mediaconnect
eu-west-1,AWS Elemental MediaConvert,https://aws.amazon.com/mediaconvert/
eu-west-1,AWS Elemental MediaLive,https://aws.amazon.com/medialive/
eu-west-1,AWS Elemental MediaPackage,https://aws.amazon.com/mediapackage/
eu-west-1,AWS Elemental MediaStore,https://aws.amazon.com/mediastore/
eu-west-1,AWS Elemental MediaTailor,https://aws.amazon.com/mediatailor/
eu-west-1,AWS Entity Resolution,https://aws.amazon.com/entity-resolution
eu-west-1,AWS Fargate,https://aws.amazon.com/fargate/
eu-west-1,AWS Fault Injection Service,https://aws.amazon.com/fis/
eu-west-1,AWS Firewall Manager,https://aws.amazon.com/firewall-manager/
eu-west-1,AWS Global Accelerator,https://aws.amazon.com/global-accelerator
eu-west-1,AWS Glue,https://aws.amazon.com/glue/
eu-west-1,AWS Ground Station,https://aws.amazon.com/ground-station/
eu-west-1,AWS Health Dashboard,https://aws.amazon.com/premiumsupport/technology/aws-health-dashboard/
eu-west-1,AWS HealthImaging,https://aws.amazon.com/healthimaging/
eu-west-1,AWS HealthOmics,https://aws.amazon.com/healthomics/
eu-west-1,AWS IAM Identity Center,https://aws.amazon.com/iam/identity-center/
eu-west-1,AWS IQ,https://aws.amazon.com/iq/
eu-west-1,AWS Identity and Access Management (IAM),https://aws.amazon.com/iam
eu-west-1,AWS IoT 1-Click,https://aws.amazon.com/iot-1-click/
eu-west-1,AWS IoT Analytics,https://aws.amazon.com/iot-analytics/
eu-west-1,AWS IoT Core,https://aws.amazon.com/iot/
eu-west-1,AWS IoT Device Defender,https://aws.amazon.com/iot-device-defender/
eu-west-1,AWS IoT Device Management,https://aws.amazon.com/iot-device-management/
eu-west-1,AWS IoT Events,https://aws.amazon.com/iot-events/
eu-west-1,AWS IoT Greengrass,https://aws.amazon.com/greengrass/
eu-west-1,AWS IoT SiteWise,https://aws.amazon.com/iot-sitewise/
eu-west-1,AWS IoT TwinMaker,https://aws.amazon.com/iot-twinmaker/
eu-west-1,AWS Key Management Service,https://aws.amazon.com/kms/
eu-west-1,AWS Lake Formation,https://aws.amazon.com/lake-formation/
eu-west-1,AWS Lambda,https://aws.amazon.com/lambda/
eu-west-1,AWS Launch Wizard,https://aws.amazon.com/launchwizard/
eu-west-1,AWS License Manager,https://aws.amazon.com/license-manager/
eu-west-1,AWS Mainframe Modernization,https://aws.amazon.com/mainframe-modernization/
eu-west-1,AWS Managed Services,https://aws.amazon.com/managed-services/
eu-west-1,AWS Marketplace,https://aws.amazon.com/mp/
eu-west-1,AWS Migration Hub,https://aws.amazon.com/migration-hub/
eu-west-1,AWS Network Firewall,https://aws.amazon.com/network-firewall/
eu-west-1,AWS OpsWorks Stacks,https://aws.amazon.com/opsworks/stacks/
eu-west-1,AWS OpsWorks for Chef Automate,https://aws.amazon.com/opsworks/chefautomate/
eu-west-1,AWS OpsWorks for Puppet Enterprise,https://aws.amazon.com/opsworks/puppetenterprise/
eu-west-1,AWS Organizations,https://aws.amazon.com/organizations
eu-west-1,AWS Outposts,https://aws.amazon.com/outposts/
eu-west-1,AWS Payment Cryptography,https://aws.amazon.com/payment-cryptography/
eu-west-1,AWS Private Certificate Authority,https://aws.amazon.com/private-ca/
eu-west-1,AWS PrivateLink,https://aws.amazon.com/privatelink/
eu-west-1,AWS Proton,https://aws.amazon.com/proton/
eu-west-1,AWS Resilience Hub,https://aws.amazon.com/resilience-hub/
eu-west-1,AWS Resource Access Manager (RAM),https://aws.amazon.com/ram/
eu-west-1,AWS Resource Explorer,https://aws.amazon.com/resourceexplorer/
eu-west-1,AWS Resource Groups,https://docs.aws.amazon.com/ARG/index.html
eu-west-1,AWS RoboMaker,https://aws.amazon.com/robomaker/
eu-west-1,AWS Secrets Manager,https://aws.amazon.com/secrets-manager/
eu-west-1,AWS Security Hub,https://aws.amazon.com/security-hub/
eu-west-1,AWS Serverless Application Repository,https://aws.amazon.com/serverless/serverlessrepo/
eu-west-1,AWS Service Catalog,https://aws.amazon.com/servicecatalog/
eu-west-1,AWS Shield,https://aws.amazon.com/shield/
eu-west-1,AWS Signer,https://docs.aws.amazon.com/signer/latest/developerguide/Welcome.html
eu-west-1,AWS SimSpace Weaver,https://aws.amazon.com/simspaceweaver/
eu-west-1,AWS Snowball,https://aws.amazon.com/snowball/
eu-west-1,AWS Snowcone,https://aws.amazon.com/snowcone/
eu-west-1,AWS Step Functions,https://aws.amazon.com/step-functions/details/
eu-west-1,AWS Storage Gateway,https://aws.amazon.com/storagegateway/
eu-west-1,AWS Support,https://aws.amazon.com/premiumsupport/
eu-west-1,AWS Systems Manager,https://aws.amazon.com/systems-manager/
eu-west-1,AWS Transfer Family,https://aws.amazon.com/aws-transfer-family/
eu-west-1,AWS Transit Gateway,https://aws.amazon.com/transit-gateway/
eu-west-1,AWS Trusted Advisor,https://aws.amazon.com/premiumsupport/trustedadvisor/
eu-west-1,AWS User Notifications,https://aws.amazon.com/notifications/
eu-west-1,AWS VPN,https://aws.amazon.com/vpn/
eu-west-1,AWS Verified Access,https://aws.amazon.com/verified-access/
eu-west-1,AWS WAF,https://aws.amazon.com/waf/
eu-west-1,AWS Well-Architected Tool,https://aws.amazon.com/well-architected-tool
eu-west-1,AWS X-Ray,https://aws.amazon.com/xray/
eu-west-1,Amazon API Gateway,https://aws.amazon.com/api-gateway/
eu-west-1,Amazon AppFlow,https://aws.amazon.com/appflow/
eu-west-1,Amazon AppStream 2.0,https://aws.amazon.com/appstream2/
eu-west-1,Amazon Application Recovery Controller,https://aws.amazon.com/application-recovery-controller/
eu-west-1,Amazon Athena,https://aws.amazon.com/athena/
eu-west-1,Amazon Augmented AI (A2I),https://aws.amazon.com/augmented-ai/
eu-west-1,Amazon Aurora,https://aws.amazon.com/rds/aurora/
eu-west-1,Amazon Bedrock,https://aws.amazon.com/bedrock/
eu-west-1,Amazon Chime,https://chime.aws/
eu-west-1,Amazon Chime SDK,https://aws.amazon.com/chime/chime-sdk/
eu-west-1,Amazon Cloud Directory,https://aws.amazon.com/cloud-directory/
eu-west-1,Amazon CloudFront,https://aws.amazon.com/cloudfront/
eu-west-1,Amazon CloudSearch,https://aws.amazon.com/cloudsearch/
eu-west-1,Amazon CloudWatch,https://aws.amazon.com/cloudwatch/
eu-west-1,Amazon CloudWatch Logs,https://aws.amazon.com/cloudwatch/
eu-west-1,Amazon CodeGuru,https://aws.amazon.com/codeguru/
eu-west-1,Amazon Cognito,https://aws.amazon.com/cognito/
eu-west-1,Amazon Comprehend,https://aws.amazon.com/comprehend/
eu-west-1,Amazon Comprehend Medical,https://aws.amazon.com/comprehend/medical/
eu-west-1,Amazon Data Firehose,https://aws.amazon.com/firehose/
eu-west-1,Amazon DataZone,https://aws.amazon.com/datazone/
eu-west-1,Amazon Detective,https://aws.amazon.com/detective/
eu-west-1,Amazon DevOps Guru,https://aws.amazon.com/devops-guru/
eu-west-1,Amazon DocumentDB (with MongoDB compatibility),https://aws.amazon.com/documentdb/
eu-west-1,Amazon DynamoDB,https://aws.amazon.com/dynamodb/
eu-west-1,Amazon DynamoDB Accelerator,https://aws.amazon.com/dynamodb/dax/
eu-west-1,Amazon EC2 Auto Scaling,https://aws.amazon.com/ec2/autoscaling/
eu-west-1,Amazon ElastiCache,https://aws.amazon.com/elasticache/
eu-west-1,Amazon Elastic Block Store (EBS),https://aws.amazon.com/ebs/
eu-west-1,Amazon Elastic Compute Cloud (EC2),https://aws.amazon.com/ec2/
eu-west-1,Amazon Elastic Container Registry (ECR),https://aws.amazon.com/ecr/
eu-west-1,Amazon Elastic Container Service (ECS),https://aws.amazon.com/ecs/
eu-west-1,Amazon Elastic File System (EFS),https://aws.amazon.com/efs/
eu-west-1,Amazon Elastic Inference,https://aws.amazon.com/elastic-inference/
eu-west-1,Amazon Elastic Kubernetes Service (EKS),https://aws.amazon.com/eks
eu-west-1,Amazon Elastic MapReduce (EMR),https://aws.amazon.com/emr/
eu-west-1,Amazon Elastic Transcoder,https://aws.amazon.com/elastictranscoder/
eu-west-1,Amazon EventBridge,https://aws.amazon.com/eventbridge/
eu-west-1,Amazon FSx,https://aws.amazon.com/fsx/
eu-west-1,Amazon FSx for Lustre,https://aws.amazon.com/fsx/lustre/
eu-west-1,Amazon FSx for NetApp ONTAP,https://aws.amazon.com/fsx/netapp-ontap
eu-west-1,Amazon FSx for OpenZFS,https://aws.amazon.com/fsx/openzfs
eu-west-1,Amazon FSx for Windows File Server,https://aws.amazon.com/fsx/windows/
eu-west-1,Amazon File Cache,https://aws.amazon.com/filecache/
eu-west-1,Amazon FinSpace,https://aws.amazon.com/finspace/
eu-west-1,Amazon Forecast,https://aws.amazon.com/forecast/
eu-west-1,Amazon Fraud Detector,https://aws.amazon.com/fraud-detector/
eu-west-1,Amazon GameLift,https://aws.amazon.com/gamelift/
eu-west-1,Amazon GuardDuty,https://aws.amazon.com/guardduty/
eu-west-1,Amazon IVS,https://aws.amazon.com/ivs/
eu-west-1,Amazon Inspector,https://aws.amazon.com/inspector/
eu-west-1,Amazon Inspector Classic,https://docs.aws.amazon.com/inspector/v1/userguide/inspector_introduction.html
eu-west-1,Amazon Kendra,https://aws.amazon.com/kendra/
eu-west-1,Amazon Keyspaces (for Apache Cassandra),https://aws.amazon.com/keyspaces/
eu-west-1,Amazon Kinesis Data Streams,https://aws.amazon.com/kinesis/streams/
eu-west-1,Amazon Kinesis Video Streams,https://aws.amazon.com/kinesis/video-streams/
eu-west-1,Amazon Lex,https://aws.amazon.com/lex/
eu-west-1,Amazon Lightsail,https://amazonlightsail.com/
eu-west-1,Amazon Location Service,https://aws.amazon.com/location
eu-west-1,Amazon Lookout for Metrics,https://aws.amazon.com/lookout-for-metrics/
eu-west-1,Amazon Lookout for Vision,https://aws.amazon.com/lookout-for-vision/
eu-west-1,Amazon Lumberyard,https://aws.amazon.com/lumberyard/
eu-west-1,Amazon MQ,https://aws.amazon.com/amazon-mq/
eu-west-1,Amazon Macie,https://aws.amazon.com/macie/
eu-west-1,Amazon Managed Blockchain,https://aws.amazon.com/managed-blockchain/
eu-west-1,Amazon Managed Grafana,https://aws.amazon.com/grafana/
eu-west-1,Amazon Managed Service for Apache Flink,https://aws.amazon.com/managed-service-apache-flink/
eu-west-1,Amazon Managed Service for Prometheus,https://aws.amazon.com/prometheus/
eu-west-1,Amazon Managed Streaming for Apache Kafka,https://aws.amazon.com/msk/
eu-west-1,Amazon Managed Workflows for Apache Airflow,https://aws.amazon.com/managed-workflows-for-apache-airflow/
eu-west-1,Amazon MemoryDB,https://aws.amazon.com/memorydb
eu-west-1,Amazon Monitron,https://aws.amazon.com/pm/monitron/
eu-west-1,Amazon Neptune,https://aws.amazon.com/neptune/
eu-west-1,Amazon Nimble Studio,https://aws.amazon.com/nimble-studio/
eu-west-1,Amazon OpenSearch Service,https://aws.amazon.com/opensearch-service/
eu-west-1,Amazon Personalize,https://aws.amazon.com/personalize/
eu-west-1,Amazon Pinpoint and End User Messaging,https://aws.amazon.com/end-user-messaging/amazon-pinpoint-aws-end-user-messaging-landing-page/
eu-west-1,Amazon Polly,https://aws.amazon.com/polly/
eu-west-1,Amazon Quantum Ledger Database (QLDB),https://aws.amazon.com/qldb/
eu-west-1,Amazon QuickSight,https://aws.amazon.com/quicksight/
eu-west-1,Amazon Redshift,https://aws.amazon.com/redshift/
eu-west-1,Amazon Rekognition,https://aws.amazon.com/rekognition/
eu-west-1,Amazon Relational Database Service (RDS),https://aws.amazon.com/rds/
eu-west-1,Amazon Route 53,https://aws.amazon.com/route53/
eu-west-1,Amazon SageMaker,https://aws.amazon.com/sagemaker/
eu-west-1,Amazon Security Lake,https://aws.amazon.com/security-lake/
eu-west-1,Amazon Simple Email Service (SES),https://aws.amazon.com/ses/
eu-west-1,Amazon Simple Notification Service (SNS),https://aws.amazon.com/sns/
eu-west-1,Amazon Simple Queue Service (SQS),https://aws.amazon.com/sqs/
eu-west-1,Amazon Simple Storage Service (S3),https://aws.amazon.com/s3/
eu-west-1,Amazon Simple Workflow Service (SWF),https://aws.amazon.com/swf/
eu-west-1,Amazon SimpleDB,https://aws.amazon.com/simpledb/
eu-west-1,Amazon Textract,https://aws.amazon.com/textract
eu-west-1,Amazon Timestream,https://aws.amazon.com/timestream
eu-west-1,Amazon Transcribe,https://aws.amazon.com/transcribe/
eu-west-1,Amazon Translate,https://aws.amazon.com/translate/
eu-west-1,Amazon VPC Lattice,https://aws.amazon.com/vpc/lattice/
eu-west-1,Amazon Verified Permissions,https://aws.amazon.com/verified-permissions/
eu-west-1,Amazon Virtual Private Cloud (VPC),https://aws.amazon.com/vpc/
eu-west-1,Amazon WorkDocs,https://aws.amazon.com/workdocs/
eu-west-1,Amazon WorkMail,https://aws.amazon.com/workmail/
eu-west-1,Amazon WorkSpaces,https://aws.amazon.com/workspaces/
eu-west-1,Amazon WorkSpaces Secure Browser,https://aws.amazon.com/workspaces/secure-browser/
eu-west-1,Amazon WorkSpaces Thin Client,https://aws.amazon.com/workspaces/thin-client/
eu-west-1,CloudEndure Disaster Recovery,https://aws.amazon.com/cloudendure-disaster-recovery/
eu-west-1,CloudEndure Migration,https://aws.amazon.com/cloudendure-migration/
eu-west-1,EC2 Image Builder,https://aws.amazon.com/image-builder/
eu-west-1,Elastic Load Balancing,https://aws.amazon.com/elasticloadbalancing/
eu-west-1,FreeRTOS,https://aws.amazon.com/freertos/
eu-west-1,Red Hat OpenShift Service on AWS (ROSA),https://aws.amazon.com/rosa/
eu-west-1,VMware Cloud on AWS,https://aws.amazon.com/vmware/
eu-west-2,AWS Amplify,https://aws.amazon.com/amplify/
eu-west-2,AWS App Mesh,https://aws.amazon.com/app-mesh/
eu-west-2,AWS App Runner,https://aws.amazon.com/apprunner/
eu-west-2,AWS AppSync,https://aws.amazon.com/appsync/
eu-west-2,AWS Application Discovery Service,https://aws.amazon.com/application-discovery/
eu-west-2,AWS Application Migration Service (MGN),https://aws.amazon.com/application-migration-service/
eu-west-2,AWS Artifact,https://aws.amazon.com/artifact/
eu-west-2,AWS Audit Manager,https://aws.amazon.com/audit-manager/
eu-west-2,AWS Auto Scaling,https://aws.amazon.com/autoscaling/
eu-west-2,AWS Backup,https://aws.amazon.com/backup/
eu-west-2,AWS Batch,https://aws.amazon.com/batch/
eu-west-2,AWS Budgets,https://aws.amazon.com/aws-cost-management/aws-budgets/
eu-west-2,AWS Certificate Manager,https://aws.amazon.com/certificate-manager/
eu-west-2,AWS Chatbot,https://aws.amazon.com/chatbot/
eu-west-2,AWS Clean Rooms,https://aws.amazon.com/clean-rooms/
eu-west-2,AWS Cloud Control API,https://aws.amazon.com/cloudcontrolapi/
eu-west-2,AWS Cloud Map,https://aws.amazon.com/cloud-map/
eu-west-2,AWS Cloud9,https://aws.amazon.com/cloud9/
eu-west-2,AWS CloudFormation,https://aws.amazon.com/cloudformation/
eu-west-2,AWS CloudHSM,https://aws.amazon.com/cloudhsm/
eu-west-2,AWS CloudShell,https://aws.amazon.com/cloudshell/
eu-west-2,AWS CloudTrail,https://aws.amazon.com/cloudtrail/
eu-west-2,AWS CodeArtifact,https://aws.amazon.com/codeartifact
eu-west-2,AWS CodeBuild,https://aws.amazon.com/codebuild/
eu-west-2,AWS CodeCommit,https://aws.amazon.com/codecommit/
eu-west-2,AWS CodeDeploy,https://aws.amazon.com/codedeploy/
eu-west-2,AWS CodePipeline,https://aws.amazon.com/codepipeline/
eu-west-2,AWS Compute Optimizer,https://aws.amazon.com/compute-optimizer/
eu-west-2,AWS Config,https://aws.amazon.com/config/
eu-west-2,AWS Control Tower,https://aws.amazon.com/controltower
eu-west-2,AWS Data Exchange,https://aws.amazon.com/data-exchange/
eu-west-2,AWS DataSync,https://aws.amazon.com/datasync
eu-west-2,AWS Database Migration Service,https://aws.amazon.com/dms/
eu-west-2,AWS Direct Connect,https://aws.amazon.com/directconnect/
eu-west-2,AWS Directory Service,https://aws.amazon.com/directoryservice/
eu-west-2,AWS Elastic Beanstalk,https://aws.amazon.com/elasticbeanstalk/
eu-west-2,AWS Elastic Disaster Recovery (DRS),https://aws.amazon.com/disaster-recovery/
eu-west-2,AWS Elemental MediaConnect,https://aws.amazon.com/mediaconnect
eu-west-2,AWS Elemental MediaConvert,https://aws.amazon.com/mediaconvert/
eu-west-2,AWS Elemental MediaLive,https://aws.amazon.com/medialive/
eu-west-2,AWS Elemental MediaPackage,https://aws.amazon.com/mediapackage/
eu-west-2,AWS Elemental MediaStore,https://aws.amazon.com/mediastore/
eu-west-2,AWS Entity Resolution,https://aws.amazon.com/entity-resolution
eu-west-2,AWS Fargate,https://aws.amazon.com/fargate/
eu-west-2,AWS Fault Injection Service,https://aws.amazon.com/fis/
eu-west-2,AWS Firewall Manager,https://aws.amazon.com/firewall-manager/
eu-west-2,AWS Global Accelerator,https://aws.amazon.com/global-accelerator
eu-west-2,AWS Glue,https://aws.amazon.com/glue/
eu-west-2,AWS Health Dashboard,https://aws.amazon.com/premiumsupport/technology/aws-health-dashboard/
eu-west-2,AWS HealthLake,https://aws.amazon.com/healthlake/
eu-west-2,AWS HealthOmics,https://aws.amazon.com/healthomics/
eu-west-2,AWS IAM Identity Center,https://aws.amazon.com/iam/identity-center/
eu-west-2,AWS IQ,https://aws.amazon.com/iq/
eu-west-2,AWS Identity and Access Management (IAM),https://aws.amazon.com/iam
eu-west-2,AWS IoT 1-Click,https://aws.amazon.com/iot-1-click/
eu-west-2,AWS IoT Core,https://aws.amazon.com/iot/
eu-west-2,AWS IoT Device Defender,https://aws.amazon.com/iot-device-defender/
eu-west-2,AWS IoT Device Management,https://aws.amazon.com/iot-device-management/
eu-west-2,AWS IoT Events,https://aws.amazon.com/iot-events/
eu-west-2,AWS IoT Greengrass,https://aws.amazon.com/greengrass/
eu-west-2,AWS Key Management Service,https://aws.amazon.com/kms/
eu-west-2,AWS Lake Formation,https://aws.amazon.com/lake-formation/
eu-west-2,AWS Lambda,https://aws.amazon.com/lambda/
eu-west-2,AWS Launch Wizard,https://aws.amazon.com/launchwizard/
eu-west-2,AWS License Manager,https://aws.amazon.com/license-manager/
eu-west-2,AWS Mainframe Modernization,https://aws.amazon.com/mainframe-modernization/
eu-west-2,AWS Managed Services,https://aws.amazon.com/managed-services/
eu-west-2,AWS Marketplace,https://aws.amazon.com/mp/
eu-west-2,AWS Migration Hub,https://aws.amazon.com/migration-hub/
eu-west-2,AWS Network Firewall,https://aws.amazon.com/network-firewall/
eu-west-2,AWS OpsWorks Stacks,https://aws.amazon.com/opsworks/stacks/
eu-west-2,AWS Organizations,https://aws.amazon.com/organizations
eu-west-2,AWS Outposts,https://aws.amazon.com/outposts/
eu-west-2,AWS Private Certificate Authority,https://aws.amazon.com/private-ca/
eu-west-2,AWS PrivateLink,https://aws.amazon.com/privatelink/
eu-west-2,AWS Proton,https://aws.amazon.com/proton/
eu-west-2,AWS Resilience Hub,https://aws.amazon.com/resilience-hub/
eu-west-2,AWS Resource Access Manager (RAM),https://aws.amazon.com/ram/
eu-west-2,AWS Resource Explorer,https://aws.amazon.com/resourceexplorer/
eu-west-2,AWS Resource Groups,https://docs.aws.amazon.com/ARG/index.html
eu-west-2,AWS Secrets Manager,https://aws.amazon.com/secrets-manager/
eu-west-2,AWS Security Hub,https://aws.amazon.com/security-hub/
eu-west-2,AWS Serverless Application Repository,https://aws.amazon.com/serverless/serverlessrepo/
eu-west-2,AWS Service Catalog,https://aws.amazon.com/servicecatalog/
eu-west-2,AWS Shield,https://aws.amazon.com/shield/
eu-west-2,AWS Signer,https://docs.aws.amazon.com/signer/latest/developerguide/Welcome.html
eu-west-2,AWS Snowball,https://aws.amazon.com/snowball/
eu-west-2,AWS Snowcone,https://aws.amazon.com/snowcone/
eu-west-2,AWS Step Functions,https://aws.amazon.com/step-functions/details/
eu-west-2,AWS Storage Gateway,https://aws.amazon.com/storagegateway/
eu-west-2,AWS Support,https://aws.amazon.com/premiumsupport/
eu-west-2,AWS Systems Manager,https://aws.amazon.com/systems-manager/
eu-west-2,AWS Transfer Family,https://aws.amazon.com/aws-transfer-family/
eu-west-2,AWS Transit Gateway,https://aws.amazon.com/transit-gateway/
eu-west-2,AWS Trusted Advisor,https://aws.amazon.com/premiumsupport/trustedadvisor/
eu-west-2,AWS User Notifications,https://aws.amazon.com/notifications/
eu-west-2,AWS VPN,https://aws.amazon.com/vpn/
eu-west-2,AWS Verified Access,https://aws.amazon.com/verified-access/
eu-west-2,AWS WAF,https://aws.amazon.com/waf/
eu-west-2,AWS Well-Architected Tool,https://aws.amazon.com/well-architected-tool
eu-west-2,AWS Wickr,https://aws.amazon.com/wickr/
eu-west-2,AWS X-Ray,https://aws.amazon.com/xray/
eu-west-2,Amazon API Gateway,https://aws.amazon.com/api-gateway/
eu-west-2,Amazon AppFlow,https://aws.amazon.com/appflow/
eu-west-2,Amazon AppStream 2.0,https://aws.amazon.com/appstream2/
eu-west-2,Amazon Application Recovery Controller,https://aws.amazon.com/application-recovery-controller/
eu-west-2,Amazon Athena,https://aws.amazon.com/athena/
eu-west-2,Amazon Augmented AI (A2I),https://aws.amazon.com/augmented-ai/
eu-west-2,Amazon Aurora,https://aws.amazon.com/rds/aurora/
eu-west-2,Amazon Bedrock,https://aws.amazon.com/bedrock/
eu-west-2,Amazon Braket,https://aws.amazon.com/braket/
eu-west-2,Amazon Chime,https://chime.aws/
eu-west-2,Amazon Chime SDK,https://aws.amazon.com/chime/chime-sdk/
eu-west-2,Amazon Cloud Directory,https://aws.amazon.com/cloud-directory/
eu-west-2,Amazon CloudFront,https://aws.amazon.com/cloudfront/
eu-west-2,Amazon CloudWatch,https://aws.amazon.com/cloudwatch/
eu-west-2,Amazon CloudWatch Logs,https://aws.amazon.com/cloudwatch/
eu-west-2,Amazon CodeGuru,https://aws.amazon.com/codeguru/
eu-west-2,Amazon Cognito,https://aws.amazon.com/cognito/
eu-west-2,Amazon Comprehend,https://aws.amazon.com/comprehend/
eu-west-2,Amazon Comprehend Medical,https://aws.amazon.com/comprehend/medical/
eu-west-2,Amazon Connect,https://aws.amazon.com/connect/
eu-west-2,Amazon Data Firehose,https://aws.amazon.com/firehose/
eu-west-2,Amazon DataZone,https://aws.amazon.com/datazone/
eu-west-2,Amazon Detective,https://aws.amazon.com/detective/
eu-west-2,Amazon DevOps Guru,https://aws.amazon.com/devops-guru/
eu-west-2,Amazon DocumentDB (with MongoDB compatibility),https://aws.amazon.com/documentdb/
eu-west-2,Amazon DynamoDB,https://aws.amazon.com/dynamodb/
eu-west-2,Amazon DynamoDB Accelerator,https://aws.amazon.com/dynamodb/dax/
eu-west-2,Amazon EC2 Auto Scaling,https://aws.amazon.com/ec2/autoscaling/
eu-west-2,Amazon ElastiCache,https://aws.amazon.com/elasticache/
eu-west-2,Amazon Elastic Block Store (EBS),https://aws.amazon.com/ebs/
eu-west-2,Amazon Elastic Compute Cloud (EC2),https://aws.amazon.com/ec2/
eu-west-2,Amazon Elastic Container Registry (ECR),https://aws.amazon.com/ecr/
eu-west-2,Amazon Elastic Container Service (ECS),https://aws.amazon.com/ecs/
eu-west-2,Amazon Elastic File System (EFS),https://aws.amazon.com/efs/
eu-west-2,Amazon Elastic Kubernetes Service (EKS),https://aws.amazon.com/eks
eu-west-2,Amazon Elastic MapReduce (EMR),https://aws.amazon.com/emr/
eu-west-2,Amazon EventBridge,https://aws.amazon.com/eventbridge/
eu-west-2,Amazon FSx,https://aws.amazon.com/fsx/
eu-west-2,Amazon FSx for Lustre,https://aws.amazon.com/fsx/lustre/
eu-west-2,Amazon FSx for NetApp ONTAP,https://aws.amazon.com/fsx/netapp-ontap
eu-west-2,Amazon FSx for OpenZFS,https://aws.amazon.com/fsx/openzfs
eu-west-2,Amazon FSx for Windows File Server,https://aws.amazon.com/fsx/windows/
eu-west-2,Amazon File Cache,https://aws.amazon.com/filecache/
eu-west-2,Amazon FinSpace,https://aws.amazon.com/finspace/
eu-west-2,Amazon GameLift,https://aws.amazon.com/gamelift/
eu-west-2,Amazon GuardDuty,https://aws.amazon.com/guardduty/
eu-west-2,Amazon Inspector,https://aws.amazon.com/inspector/
eu-west-2,Amazon Inspector Classic,https://docs.aws.amazon.com/inspector/v1/userguide/inspector_introduction.html
eu-west-2,Amazon Kendra,https://aws.amazon.com/kendra/
eu-west-2,Amazon Keyspaces (for Apache Cassandra),https://aws.amazon.com/keyspaces/
eu-west-2,Amazon Kinesis Data Streams,https://aws.amazon.com/kinesis/streams/
eu-west-2,Amazon Kinesis Video Streams,https://aws.amazon.com/kinesis/video-streams/
eu-west-2,Amazon Lex,https://aws.amazon.com/lex/
eu-west-2,Amazon Lightsail,https://amazonlightsail.com/
eu-west-2,Amazon Location Service,https://aws.amazon.com/location
eu-west-2,Amazon Lumberyard,https://aws.amazon.com/lumberyard/
eu-west-2,Amazon MQ,https://aws.amazon.com/amazon-mq/
eu-west-2,Amazon Macie,https://aws.amazon.com/macie/
eu-west-2,Amazon Managed Blockchain,https://aws.amazon.com/managed-blockchain/
eu-west-2,Amazon Managed Grafana,https://aws.amazon.com/grafana/
eu-west-2,Amazon Managed Service for Apache Flink,https://aws.amazon.com/managed-service-apache-flink/
eu-west-2,Amazon Managed Service for Prometheus,https://aws.amazon.com/prometheus/
eu-west-2,Amazon Managed Streaming for Apache Kafka,https://aws.amazon.com/msk/
eu-west-2,Amazon Managed Workflows for Apache Airflow,https://aws.amazon.com/managed-workflows-for-apache-airflow/
eu-west-2,Amazon MemoryDB,https://aws.amazon.com/memorydb
eu-west-2,Amazon Neptune,https://aws.amazon.com/neptune/
eu-west-2,Amazon Nimble Studio,https://aws.amazon.com/nimble-studio/
eu-west-2,Amazon OpenSearch Service,https://aws.amazon.com/opensearch-service/
eu-west-2,Amazon Pinpoint and End User Messaging,https://aws.amazon.com/end-user-messaging/amazon-pinpoint-aws-end-user-messaging-landing-page/
eu-west-2,Amazon Polly,https://aws.amazon.com/polly/
eu-west-2,Amazon Quantum Ledger Database (QLDB),https://aws.amazon.com/qldb/
eu-west-2,Amazon QuickSight,https://aws.amazon.com/quicksight/
eu-west-2,Amazon Redshift,https://aws.amazon.com/redshift/
eu-west-2,Amazon Rekognition,https://aws.amazon.com/rekognition/
eu-west-2,Amazon Relational Database Service (RDS),https://aws.amazon.com/rds/
eu-west-2,Amazon Route 53,https://aws.amazon.com/route53/
eu-west-2,Amazon SageMaker,https://aws.amazon.com/sagemaker/
eu-west-2,Amazon Security Lake,https://aws.amazon.com/security-lake/
eu-west-2,Amazon Simple Email Service (SES),https://aws.amazon.com/ses/
eu-west-2,Amazon Simple Notification Service (SNS),https://aws.amazon.com/sns/
eu-west-2,Amazon Simple Queue Service (SQS),https://aws.amazon.com/sqs/
eu-west-2,Amazon Simple Storage Service (S3),https://aws.amazon.com/s3/
eu-west-2,Amazon Simple Workflow Service (SWF),https://aws.amazon.com/swf/
eu-west-2,Amazon Textract,https://aws.amazon.com/textract
eu-west-2,Amazon Transcribe,https://aws.amazon.com/transcribe/
eu-west-2,Amazon Translate,https://aws.amazon.com/translate/
eu-west-2,Amazon VPC Lattice,https://aws.amazon.com/vpc/lattice/
eu-west-2,Amazon Verified Permissions,https://aws.amazon.com/verified-permissions/
eu-west-2,Amazon Virtual Private Cloud (VPC),https://aws.amazon.com/vpc/
eu-west-2,Amazon WorkSpaces,https://aws.amazon.com/workspaces/
eu-west-2,Amazon WorkSpaces Secure Browser,https://aws.amazon.com/workspaces/secure-browser/
eu-west-2,Amazon WorkSpaces Thin Client,https://aws.amazon.com/workspaces/thin-client/
eu-west-2,CloudEndure Disaster Recovery,https://aws.amazon.com/cloudendure-disaster-recovery/
eu-west-2,CloudEndure Migration,https://aws.amazon.com/cloudendure-migration/
eu-west-2,EC2 Image Builder,https://aws.amazon.com/image-builder/
eu-west-2,Elastic Load Balancing,https://aws.amazon.com/elasticloadbalancing/
eu-west-2,FreeRTOS,https://aws.amazon.com/freertos/
eu-west-2,Red Hat OpenShift Service on AWS (ROSA),https://aws.amazon.com/rosa/
eu-west-2,VMware Cloud on AWS,https://aws.amazon.com/vmware/
eu-west-3,AWS Amplify,https://aws.amazon.com/amplify/
eu-west-3,AWS App Mesh,https://aws.amazon.com/app-mesh/
eu-west-3,AWS App Runner,https://aws.amazon.com/apprunner/
eu-west-3,AWS AppSync,https://aws.amazon.com/appsync/
eu-west-3,AWS Application Migration Service (MGN),https://aws.amazon.com/application-migration-service/
eu-west-3,AWS Artifact,https://aws.amazon.com/artifact/
eu-west-3,AWS Auto Scaling,https://aws.amazon.com/autoscaling/
eu-west-3,AWS Backup,https://aws.amazon.com/backup/
eu-west-3,AWS Batch,https://aws.amazon.com/batch/
eu-west-3,AWS Budgets,https://aws.amazon.com/aws-cost-management/aws-budgets/
eu-west-3,AWS Certificate Manager,https://aws.amazon.com/certificate-manager/
eu-west-3,AWS Chatbot,https://aws.amazon.com/chatbot/
eu-west-3,AWS Cloud Control API,https://aws.amazon.com/cloudcontrolapi/
eu-west-3,AWS Cloud Map,https://aws.amazon.com/cloud-map/
eu-west-3,AWS Cloud9,https://aws.amazon.com/cloud9/
eu-west-3,AWS CloudFormation,https://aws.amazon.com/cloudformation/
eu-west-3,AWS CloudHSM,https://aws.amazon.com/cloudhsm/
eu-west-3,AWS CloudShell,https://aws.amazon.com/cloudshell/
eu-west-3,AWS CloudTrail,https://aws.amazon.com/cloudtrail/
eu-west-3,AWS CodeArtifact,https://aws.amazon.com/codeartifact
eu-west-3,AWS CodeBuild,https://aws.amazon.com/codebuild/
eu-west-3,AWS CodeCommit,https://aws.amazon.com/codecommit/
eu-west-3,AWS CodeDeploy,https://aws.amazon.com/codedeploy/
eu-west-3,AWS CodePipeline,https://aws.amazon.com/codepipeline/
eu-west-3,AWS Compute Optimizer,https://aws.amazon.com/compute-optimizer/
eu-west-3,AWS Config,https://aws.amazon.com/config/
eu-west-3,AWS Control Tower,https://aws.amazon.com/controltower
eu-west-3,AWS DataSync,https://aws.amazon.com/datasync
eu-west-3,AWS Database Migration Service,https://aws.amazon.com/dms/
eu-west-3,AWS Direct Connect,https://aws.amazon.com/directconnect/
eu-west-3,AWS Directory Service,https://aws.amazon.com/directoryservice/
eu-west-3,AWS Elastic Beanstalk,https://aws.amazon.com/elasticbeanstalk/
eu-west-3,AWS Elastic Disaster Recovery (DRS),https://aws.amazon.com/disaster-recovery/
eu-west-3,AWS Elemental MediaConnect,https://aws.amazon.com/mediaconnect
eu-west-3,AWS Elemental MediaConvert,https://aws.amazon.com/mediaconvert/
eu-west-3,AWS Elemental MediaLive,https://aws.amazon.com/medialive/
eu-west-3,AWS Elemental MediaPackage,https://aws.amazon.com/mediapackage/
eu-west-3,AWS Elemental MediaTailor,https://aws.amazon.com/mediatailor/
eu-west-3,AWS Fargate,https://aws.amazon.com/fargate/
eu-west-3,AWS Fault Injection Service,https://aws.amazon.com/fis/
eu-west-3,AWS Firewall Manager,https://aws.amazon.com/firewall-manager/
eu-west-3,AWS Global Accelerator,https://aws.amazon.com/global-accelerator
eu-west-3,AWS Glue,https://aws.amazon.com/glue/
eu-west-3,AWS Health Dashboard,https://aws.amazon.com/premiumsupport/technology/aws-health-dashboard/
eu-west-3,AWS IAM Identity Center,https://aws.amazon.com/iam/identity-center/
eu-west-3,AWS IQ,https://aws.amazon.com/iq/
eu-west-3,AWS Identity and Access Management (IAM),https://aws.amazon.com/iam
eu-west-3,AWS IoT Core,https://aws.amazon.com/iot/
eu-west-3,AWS IoT Device Defender,https://aws.amazon.com/iot-device-defender/
eu-west-3,AWS IoT Device Management,https://aws.amazon.com/iot-device-management/
eu-west-3,AWS Key Management Service,https://aws.amazon.com/kms/
eu-west-3,AWS Lake Formation,https://aws.amazon.com/lake-formation/
eu-west-3,AWS Lambda,https://aws.amazon.com/lambda/
eu-west-3,AWS Launch Wizard,https://aws.amazon.com/launchwizard/
eu-west-3,AWS License Manager,https://aws.amazon.com/license-manager/
eu-west-3,AWS Mainframe Modernization,https://aws.amazon.com/mainframe-modernization/
eu-west-3,AWS Managed Services,https://aws.amazon.com/managed-services/
eu-west-3,AWS Marketplace,https://aws.amazon.com/mp/
eu-west-3,AWS Network Firewall,https://aws.amazon.com/network-firewall/
eu-west-3,AWS OpsWorks Stacks,https://aws.amazon.com/opsworks/stacks/
eu-west-3,AWS Organizations,https://aws.amazon.com/organizations
eu-west-3,AWS Outposts,https://aws.amazon.com/outposts/
eu-west-3,AWS Private Certificate Authority,https://aws.amazon.com/private-ca/
eu-west-3,AWS PrivateLink,https://aws.amazon.com/privatelink/
eu-west-3,AWS Resilience Hub,https://aws.amazon.com/resilience-hub/
eu-west-3,AWS Resource Access Manager (RAM),https://aws.amazon.com/ram/
eu-west-3,AWS Resource Explorer,https://aws.amazon.com/resourceexplorer/
eu-west-3,AWS Resource Groups,https://docs.aws.amazon.com/ARG/index.html
eu-west-3,AWS Secrets Manager,https://aws.amazon.com/secrets-manager/
eu-west-3,AWS Security Hub,https://aws.amazon.com/security-hub/
eu-west-3,AWS Serverless Application Repository,https://aws.amazon.com/serverless/serverlessrepo/
eu-west-3,AWS Service Catalog,https://aws.amazon.com/servicecatalog/
eu-west-3,AWS Shield,https://aws.amazon.com/shield/
eu-west-3,AWS Signer,https://docs.aws.amazon.com/signer/latest/developerguide/Welcome.html
eu-west-3,AWS Snowball,https://aws.amazon.com/snowball/
eu-west-3,AWS Snowcone,https://aws.amazon.com/snowcone/
eu-west-3,AWS Step Functions,https://aws.amazon.com/step-functions/details/
eu-west-3,AWS Storage Gateway,https://aws.amazon.com/storagegateway/
eu-west-3,AWS Support,https://aws.amazon.com/premiumsupport/
eu-west-3,AWS Systems Manager,https://aws.amazon.com/systems-manager/
eu-west-3,AWS Telco Network Builder,https://aws.amazon.com/tnb/
eu-west-3,AWS Transfer Family,https://aws.amazon.com/aws-transfer-family/
eu-west-3,AWS Transit Gateway,https://aws.amazon.com/transit-gateway/
eu-west-3,AWS Trusted Advisor,https://aws.amazon.com/premiumsupport/trustedadvisor/
eu-west-3,AWS User Notifications,https://aws.amazon.com/notifications/
eu-west-3,AWS VPN,https://aws.amazon.com/vpn/
eu-west-3,AWS WAF,https://aws.amazon.com/waf/
eu-west-3,AWS Well-Architected Tool,https://aws.amazon.com/well-architected-tool
eu-west-3,AWS X-Ray,https://aws.amazon.com/xray/
eu-west-3,Amazon API Gateway,https://aws.amazon.com/api-gateway/
eu-west-3,Amazon AppFlow,https://aws.amazon.com/appflow/
eu-west-3,Amazon Application Recovery Controller,https://aws.amazon.com/application-recovery-controller/
eu-west-3,Amazon Athena,https://aws.amazon.com/athena/
eu-west-3,Amazon Aurora,https://aws.amazon.com/rds/aurora/
eu-west-3,Amazon Bedrock,https://aws.amazon.com/bedrock/
eu-west-3,Amazon Chime,https://chime.aws/
eu-west-3,Amazon Chime SDK,https://aws.amazon.com/chime/chime-sdk/
eu-west-3,Amazon CloudFront,https://aws.amazon.com/cloudfront/
eu-west-3,Amazon CloudWatch,https://aws.amazon.com/cloudwatch/
eu-west-3,Amazon CloudWatch Logs,https://aws.amazon.com/cloudwatch/
eu-west-3,Amazon Cognito,https://aws.amazon.com/cognito/
eu-west-3,Amazon Data Firehose,https://aws.amazon.com/firehose/
eu-west-3,Amazon Detective,https://aws.amazon.com/detective/
eu-west-3,Amazon DevOps Guru,https://aws.amazon.com/devops-guru/
eu-west-3,Amazon DocumentDB (with MongoDB compatibility),https://aws.amazon.com/documentdb/
eu-west-3,Amazon DynamoDB,https://aws.amazon.com/dynamodb/
eu-west-3,Amazon DynamoDB Accelerator,https://aws.amazon.com/dynamodb/dax/
eu-west-3,Amazon EC2 Auto Scaling,https://aws.amazon.com/ec2/autoscaling/
eu-west-3,Amazon ElastiCache,https://aws.amazon.com/elasticache/
eu-west-3,Amazon Elastic Block Store (EBS),https://aws.amazon.com/ebs/
eu-west-3,Amazon Elastic Compute Cloud (EC2),https://aws.amazon.com/ec2/
eu-west-3,Amazon Elastic Container Registry (ECR),https://aws.amazon.com/ecr/
eu-west-3,Amazon Elastic Container Service (ECS),https://aws.amazon.com/ecs/
eu-west-3,Amazon Elastic File System (EFS),https://aws.amazon.com/efs/
eu-west-3,Amazon Elastic Kubernetes Service (EKS),https://aws.amazon.com/eks
eu-west-3,Amazon Elastic MapReduce (EMR),https://aws.amazon.com/emr/
eu-west-3,Amazon EventBridge,https://aws.amazon.com/eventbridge/
eu-west-3,Amazon FSx,https://aws.amazon.com/fsx/
eu-west-3,Amazon FSx for Lustre,https://aws.amazon.com/fsx/lustre/
eu-west-3,Amazon FSx for NetApp ONTAP,https://aws.amazon.com/fsx/netapp-ontap
eu-west-3,Amazon FSx for OpenZFS,https://aws.amazon.com/fsx/openzfs
eu-west-3,Amazon FSx for Windows File Server,https://aws.amazon.com/fsx/windows/
eu-west-3,Amazon GameLift,https://aws.amazon.com/gamelift/
eu-west-3,Amazon GuardDuty,https://aws.amazon.com/guardduty/
eu-west-3,Amazon Inspector,https://aws.amazon.com/inspector/
eu-west-3,Amazon Keyspaces (for Apache Cassandra),https://aws.amazon.com/keyspaces/
eu-west-3,Amazon Kinesis Data Streams,https://aws.amazon.com/kinesis/streams/
eu-west-3,Amazon Kinesis Video Streams,https://aws.amazon.com/kinesis/video-streams/
eu-west-3,Amazon Lightsail,https://amazonlightsail.com/
eu-west-3,Amazon Lumberyard,https://aws.amazon.com/lumberyard/
eu-west-3,Amazon MQ,https://aws.amazon.com/amazon-mq/
eu-west-3,Amazon Macie,https://aws.amazon.com/macie/
eu-west-3,Amazon Managed Service for Apache Flink,https://aws.amazon.com/managed-service-apache-flink/
eu-west-3,Amazon Managed Service for Prometheus,https://aws.amazon.com/prometheus/
eu-west-3,Amazon Managed Streaming for Apache Kafka,https://aws.amazon.com/msk/
eu-west-3,Amazon Managed Workflows for Apache Airflow,https://aws.amazon.com/managed-workflows-for-apache-airflow/
eu-west-3,Amazon MemoryDB,https://aws.amazon.com/memorydb
eu-west-3,Amazon Neptune,https://aws.amazon.com/neptune/
eu-west-3,Amazon OpenSearch Service,https://aws.amazon.com/opensearch-service/
eu-west-3,Amazon Pinpoint and End User Messaging,https://aws.amazon.com/end-user-messaging/amazon-pinpoint-aws-end-user-messaging-landing-page/
eu-west-3,Amazon Polly,https://aws.amazon.com/polly/
eu-west-3,Amazon QuickSight,https://aws.amazon.com/quicksight/
eu-west-3,Amazon Redshift,https://aws.amazon.com/redshift/
eu-west-3,Amazon Relational Database Service (RDS),https://aws.amazon.com/rds/
eu-west-3,Amazon Route 53,https://aws.amazon.com/route53/
eu-west-3,Amazon SageMaker,https://aws.amazon.com/sagemaker/
eu-west-3,Amazon Security Lake,https://aws.amazon.com/security-lake/
eu-west-3,Amazon Simple Email Service (SES),https://aws.amazon.com/ses/
eu-west-3,Amazon Simple Notification Service (SNS),https://aws.amazon.com/sns/
eu-west-3,Amazon Simple Queue Service (SQS),https://aws.amazon.com/sqs/
eu-west-3,Amazon Simple Storage Service (S3),https://aws.amazon.com/s3/
eu-west-3,Amazon Simple Workflow Service (SWF),https://aws.amazon.com/swf/
eu-west-3,Amazon Textract,https://aws.amazon.com/textract
eu-west-3,Amazon Transcribe,https://aws.amazon.com/transcribe/
eu-west-3,Amazon Translate,https://aws.amazon.com/translate/
eu-west-3,Amazon VPC Lattice,https://aws.amazon.com/vpc/lattice/
eu-west-3,Amazon Verified Permissions,https://aws.amazon.com/verified-permissions/
eu-west-3,Amazon Virtual Private Cloud (VPC),https://aws.amazon.com/vpc/
eu-west-3,CloudEndure Disaster Recovery,https://aws.amazon.com/cloudendure-disaster-recovery/
eu-west-3,CloudEndure Migration,https://aws.amazon.com/cloudendure-migration/
eu-west-3,EC2 Image Builder,https://aws.amazon.com/image-builder/
eu-west-3,Elastic Load Balancing,https://aws.amazon.com/elasticloadbalancing/
eu-west-3,FreeRTOS,https://aws.amazon.com/freertos/
eu-west-3,Red Hat OpenShift Service on AWS (ROSA),https://aws.amazon.com/rosa/
eu-west-3,VMware Cloud on AWS,https://aws.amazon.com/vmware/
il-central-1,AWS App Mesh,https://aws.amazon.com/app-mesh/
il-central-1,AWS AppSync,https://aws.amazon.com/appsync/
il-central-1,AWS Application Migration Service (MGN),https://aws.amazon.com/application-migration-service/
il-central-1,AWS Artifact,https://aws.amazon.com/artifact/
il-central-1,AWS Backup,https://aws.amazon.com/backup/
il-central-1,AWS Batch,https://aws.amazon.com/batch/
il-central-1,AWS Certificate Manager,https://aws.amazon.com/certificate-manager/
il-central-1,AWS Chatbot,https://aws.amazon.com/chatbot/
il-central-1,AWS Cloud Control API,https://aws.amazon.com/cloudcontrolapi/
il-central-1,AWS Cloud Map,https://aws.amazon.com/cloud-map/
il-central-1,AWS Cloud9,https://aws.amazon.com/cloud9/
il-central-1,AWS CloudFormation,https://aws.amazon.com/cloudformation/
il-central-1,AWS CloudHSM,https://aws.amazon.com/cloudhsm/
il-central-1,AWS CloudTrail,https://aws.amazon.com/cloudtrail/
il-central-1,AWS CodeBuild,https://aws.amazon.com/codebuild/
il-central-1,AWS CodeCommit,https://aws.amazon.com/codecommit/
il-central-1,AWS CodeDeploy,https://aws.amazon.com/codedeploy/
il-central-1,AWS CodePipeline,https://aws.amazon.com/codepipeline/
il-central-1,AWS Compute Optimizer,https://aws.amazon.com/compute-optimizer/
il-central-1,AWS Config,https://aws.amazon.com/config/
il-central-1,AWS Control Tower,https://aws.amazon.com/controltower
il-central-1,AWS DataSync,https://aws.amazon.com/datasync
il-central-1,AWS Database Migration Service,https://aws.amazon.com/dms/
il-central-1,AWS Direct Connect,https://aws.amazon.com/directconnect/
il-central-1,AWS Directory Service,https://aws.amazon.com/directoryservice/
il-central-1,AWS Elastic Beanstalk,https://aws.amazon.com/elasticbeanstalk/
il-central-1,AWS Elastic Disaster Recovery (DRS),https://aws.amazon.com/disaster-recovery/
il-central-1,AWS Fargate,https://aws.amazon.com/fargate/
il-central-1,AWS Firewall Manager,https://aws.amazon.com/firewall-manager/
il-central-1,AWS Global Accelerator,https://aws.amazon.com/global-accelerator
il-central-1,AWS Glue,https://aws.amazon.com/glue/
il-central-1,AWS Health Dashboard,https://aws.amazon.com/premiumsupport/technology/aws-health-dashboard/
il-central-1,AWS HealthOmics,https://aws.amazon.com/healthomics/
il-central-1,AWS IAM Identity Center,https://aws.amazon.com/iam/identity-center/
il-central-1,AWS Identity and Access Management (IAM),https://aws.amazon.com/iam
il-central-1,AWS Key Management Service,https://aws.amazon.com/kms/
il-central-1,AWS Lake Formation,https://aws.amazon.com/lake-formation/
il-central-1,AWS Lambda,https://aws.amazon.com/lambda/
il-central-1,AWS License Manager,https://aws.amazon.com/license-manager/
il-central-1,AWS Mainframe Modernization,https://aws.amazon.com/mainframe-modernization/
il-central-1,AWS Marketplace,https://aws.amazon.com/mp/
il-central-1,AWS Network Firewall,https://aws.amazon.com/network-firewall/
il-central-1,AWS Organizations,https://aws.amazon.com/organizations
il-central-1,AWS Outposts,https://aws.amazon.com/outposts/
il-central-1,AWS Private Certificate Authority,https://aws.amazon.com/private-ca/
il-central-1,AWS PrivateLink,https://aws.amazon.com/privatelink/
il-central-1,AWS Resource Access Manager (RAM),https://aws.amazon.com/ram/
il-central-1,AWS Resource Explorer,https://aws.amazon.com/resourceexplorer/
il-central-1,AWS Resource Groups,https://docs.aws.amazon.com/ARG/index.html
il-central-1,AWS Secrets Manager,https://aws.amazon.com/secrets-manager/
il-central-1,AWS Security Hub,https://aws.amazon.com/security-hub/
il-central-1,AWS Service Catalog,https://aws.amazon.com/servicecatalog/
il-central-1,AWS Shield,https://aws.amazon.com/shield/
il-central-1,AWS Snowball,https://aws.amazon.com/snowball/
il-central-1,AWS Snowcone,https://aws.amazon.com/snowcone/
il-central-1,AWS Step Functions,https://aws.amazon.com/step-functions/details/
il-central-1,AWS Storage Gateway,https://aws.amazon.com/storagegateway/
il-central-1,AWS Support,https://aws.amazon.com/premiumsupport/
il-central-1,AWS Systems Manager,https://aws.amazon.com/systems-manager/
il-central-1,AWS Transfer Family,https://aws.amazon.com/aws-transfer-family/
il-central-1,AWS Transit Gateway,https://aws.amazon.com/transit-gateway/
il-central-1,AWS Trusted Advisor,https://aws.amazon.com/premiumsupport/trustedadvisor/
il-central-1,AWS User Notifications,https://aws.amazon.com/notifications/
il-central-1,AWS VPN,https://aws.amazon.com/vpn/
il-central-1,AWS Verified Access,https://aws.amazon.com/verified-access/
il-central-1,AWS WAF,https://aws.amazon.com/waf/
il-central-1,AWS X-Ray,https://aws.amazon.com/xray/
il-central-1,Amazon API Gateway,https://aws.amazon.com/api-gateway/
il-central-1,Amazon Application Recovery Controller,https://aws.amazon.com/application-recovery-controller/
il-central-1,Amazon Athena,https://aws.amazon.com/athena/
il-central-1,Amazon Aurora,https://aws.amazon.com/rds/aurora/
il-central-1,Amazon Chime SDK,https://aws.amazon.com/chime/chime-sdk/
il-central-1,Amazon CloudFront,https://aws.amazon.com/cloudfront/
il-central-1,Amazon CloudWatch,https://aws.amazon.com/cloudwatch/
il-central-1,Amazon CloudWatch Logs,https://aws.amazon.com/cloudwatch/
il-central-1,Amazon Cognito,https://aws.amazon.com/cognito/
il-central-1,Amazon Data Firehose,https://aws.amazon.com/firehose/
il-central-1,Amazon Detective,https://aws.amazon.com/detective/
il-central-1,Amazon DynamoDB,https://aws.amazon.com/dynamodb/
il-central-1,Amazon EC2 Auto Scaling,https://aws.amazon.com/ec2/autoscaling/
il-central-1,Amazon ElastiCache,https://aws.amazon.com/elasticache/
il-central-1,Amazon Elastic Block Store (EBS),https://aws.amazon.com/ebs/
il-central-1,Amazon Elastic Compute Cloud (EC2),https://aws.amazon.com/ec2/
il-central-1,Amazon Elastic Container Registry (ECR),https://aws.amazon.com/ecr/
il-central-1,Amazon Elastic Container Service (ECS),https://aws.amazon.com/ecs/
il-central-1,Amazon Elastic File System (EFS),https://aws.amazon.com/efs/
il-central-1,Amazon Elastic Kubernetes Service (EKS),https://aws.amazon.com/eks
il-central-1,Amazon Elastic MapReduce (EMR),https://aws.amazon.com/emr/
il-central-1,Amazon EventBridge,https://aws.amazon.com/eventbridge/
il-central-1,Amazon FSx,https://aws.amazon.com/fsx/
il-central-1,Amazon FSx for Lustre,https://aws.amazon.com/fsx/lustre/
il-central-1,Amazon FSx for NetApp ONTAP,https://aws.amazon.com/fsx/netapp-ontap
il-central-1,Amazon FSx for OpenZFS,https://aws.amazon.com/fsx/openzfs
il-central-1,Amazon FSx for Windows File Server,https://aws.amazon.com/fsx/windows/
il-central-1,Amazon GuardDuty,https://aws.amazon.com/guardduty/
il-central-1,Amazon Kinesis Data Streams,https://aws.amazon.com/kinesis/streams/
il-central-1,Amazon MQ,https://aws.amazon.com/amazon-mq/
il-central-1,Amazon Macie,https://aws.amazon.com/macie/
il-central-1,Amazon Managed Service for Apache Flink,https://aws.amazon.com/managed-service-apache-flink/
il-central-1,Amazon Managed Streaming for Apache Kafka,https://aws.amazon.com/msk/
il-central-1,Amazon Managed Workflows for Apache Airflow,https://aws.amazon.com/managed-workflows-for-apache-airflow/
il-central-1,Amazon Neptune,https://aws.amazon.com/neptune/
il-central-1,Amazon OpenSearch Service,https://aws.amazon.com/opensearch-service/
il-central-1,Amazon Pinpoint and End User Messaging,https://aws.amazon.com/end-user-messaging/amazon-pinpoint-aws-end-user-messaging-landing-page/
il-central-1,Amazon Redshift,https://aws.amazon.com/redshift/
il-central-1,Amazon Rekognition,https://aws.amazon.com/rekognition/
il-central-1,Amazon Relational Database Service (RDS),https://aws.amazon.com/rds/
il-central-1,Amazon Route 53,https://aws.amazon.com/route53/
il-central-1,Amazon SageMaker,https://aws.amazon.com/sagemaker/
il-central-1,Amazon Simple Email Service (SES),https://aws.amazon.com/ses/
il-central-1,Amazon Simple Notification Service (SNS),https://aws.amazon.com/sns/
il-central-1,Amazon Simple Queue Service (SQS),https://aws.amazon.com/sqs/
il-central-1,Amazon Simple Storage Service (S3),https://aws.amazon.com/s3/
il-central-1,Amazon Simple Workflow Service (SWF),https://aws.amazon.com/swf/
il-central-1,Amazon Verified Permissions,https://aws.amazon.com/verified-permissions/
il-central-1,Amazon Virtual Private Cloud (VPC),https://aws.amazon.com/vpc/
il-central-1,Amazon WorkSpaces,https://aws.amazon.com/workspaces/
il-central-1,EC2 Image Builder,https://aws.amazon.com/image-builder/
il-central-1,Elastic Load Balancing,https://aws.amazon.com/elasticloadbalancing/
me-central-1,AWS AppSync,https://aws.amazon.com/appsync/
me-central-1,AWS Application Migration Service (MGN),https://aws.amazon.com/application-migration-service/
me-central-1,AWS Artifact,https://aws.amazon.com/artifact/
me-central-1,AWS Backup,https://aws.amazon.com/backup/
me-central-1,AWS Batch,https://aws.amazon.com/batch/
me-central-1,AWS Certificate Manager,https://aws.amazon.com/certificate-manager/
me-central-1,AWS Chatbot,https://aws.amazon.com/chatbot/
me-central-1,AWS Cloud Control API,https://aws.amazon.com/cloudcontrolapi/
me-central-1,AWS Cloud Map,https://aws.amazon.com/cloud-map/
me-central-1,AWS CloudFormation,https://aws.amazon.com/cloudformation/
me-central-1,AWS CloudHSM,https://aws.amazon.com/cloudhsm/
me-central-1,AWS CloudShell,https://aws.amazon.com/cloudshell/
me-central-1,AWS CloudTrail,https://aws.amazon.com/cloudtrail/
me-central-1,AWS CodeBuild,https://aws.amazon.com/codebuild/
me-central-1,AWS CodeCommit,https://aws.amazon.com/codecommit/
me-central-1,AWS CodeDeploy,https://aws.amazon.com/codedeploy/
me-central-1,AWS CodePipeline,https://aws.amazon.com/codepipeline/
me-central-1,AWS Compute Optimizer,https://aws.amazon.com/compute-optimizer/
me-central-1,AWS Config,https://aws.amazon.com/config/
me-central-1,AWS Control Tower,https://aws.amazon.com/controltower
me-central-1,AWS DataSync,https://aws.amazon.com/datasync
me-central-1,AWS Database Migration Service,https://aws.amazon.com/dms/
me-central-1,AWS Direct Connect,https://aws.amazon.com/directconnect/
me-central-1,AWS Directory Service,https://aws.amazon.com/directoryservice/
me-central-1,AWS Elastic Disaster Recovery (DRS),https://aws.amazon.com/disaster-recovery/
me-central-1,AWS Elemental MediaConnect,https://aws.amazon.com/mediaconnect
me-central-1,AWS Elemental MediaConvert,https://aws.amazon.com/mediaconvert/
me-central-1,AWS Elemental MediaLive,https://aws.amazon.com/medialive/
me-central-1,AWS Elemental MediaTailor,https://aws.amazon.com/mediatailor/
me-central-1,AWS Fargate,https://aws.amazon.com/fargate/
me-central-1,AWS Firewall Manager,https://aws.amazon.com/firewall-manager/
me-central-1,AWS Global Accelerator,https://aws.amazon.com/global-accelerator
me-central-1,AWS Glue,https://aws.amazon.com/glue/
me-central-1,AWS Health Dashboard,https://aws.amazon.com/premiumsupport/technology/aws-health-dashboard/
me-central-1,AWS IAM Identity Center,https://aws.amazon.com/iam/identity-center/
me-central-1,AWS Identity and Access Management (IAM),https://aws.amazon.com/iam
me-central-1,AWS IoT Core,https://aws.amazon.com/iot/
me-central-1,AWS IoT Device Defender,https://aws.amazon.com/iot-device-defender/
me-central-1,AWS IoT Device Management,https://aws.amazon.com/iot-device-management/
me-central-1,AWS Key Management Service,https://aws.amazon.com/kms/
me-central-1,AWS Lake Formation,https://aws.amazon.com/lake-formation/
me-central-1,AWS Lambda,https://aws.amazon.com/lambda/
me-central-1,AWS Launch Wizard,https://aws.amazon.com/launchwizard/
me-central-1,AWS License Manager,https://aws.amazon.com/license-manager/
me-central-1,AWS Marketplace,https://aws.amazon.com/mp/
me-central-1,AWS Network Firewall,https://aws.amazon.com/network-firewall/
me-central-1,AWS Organizations,https://aws.amazon.com/organizations
me-central-1,AWS Outposts,https://aws.amazon.com/outposts/
me-central-1,AWS Private Certificate Authority,https://aws.amazon.com/private-ca/
me-central-1,AWS PrivateLink,https://aws.amazon.com/privatelink/
me-central-1,AWS Resource Access Manager (RAM),https://aws.amazon.com/ram/
me-central-1,AWS Resource Explorer,https://aws.amazon.com/resourceexplorer/
me-central-1,AWS Resource Groups,https://docs.aws.amazon.com/ARG/index.html
me-central-1,AWS Secrets Manager,https://aws.amazon.com/secrets-manager/
me-central-1,AWS Security Hub,https://aws.amazon.com/security-hub/
me-central-1,AWS Service Catalog,https://aws.amazon.com/servicecatalog/
me-central-1,AWS Shield,https://aws.amazon.com/shield/
me-central-1,AWS Snowball,https://aws.amazon.com/snowball/
me-central-1,AWS Step Functions,https://aws.amazon.com/step-functions/details/
me-central-1,AWS Storage Gateway,https://aws.amazon.com/storagegateway/
me-central-1,AWS Support,https://aws.amazon.com/premiumsupport/
me-central-1,AWS Systems Manager,https://aws.amazon.com/systems-manager/
me-central-1,AWS Transfer Family,https://aws.amazon.com/aws-transfer-family/
me-central-1,AWS Transit Gateway,https://aws.amazon.com/transit-gateway/
me-central-1,AWS Trusted Advisor,https://aws.amazon.com/premiumsupport/trustedadvisor/
me-central-1,AWS User Notifications,https://aws.amazon.com/notifications/
me-central-1,AWS VPN,https://aws.amazon.com/vpn/
me-central-1,AWS WAF,https://aws.amazon.com/waf/
me-central-1,AWS X-Ray,https://aws.amazon.com/xray/
me-central-1,Amazon API Gateway,https://aws.amazon.com/api-gateway/
me-central-1,Amazon Application Recovery Controller,https://aws.amazon.com/application-recovery-controller/
me-central-1,Amazon Athena,https://aws.amazon.com/athena/
me-central-1,Amazon Aurora,https://aws.amazon.com/rds/aurora/
me-central-1,Amazon CloudFront,https://aws.amazon.com/cloudfront/
me-central-1,Amazon CloudWatch,https://aws.amazon.com/cloudwatch/
me-central-1,Amazon CloudWatch Logs,https://aws.amazon.com/cloudwatch/
me-central-1,Amazon Cognito,https://aws.amazon.com/cognito/
me-central-1,Amazon Data Firehose,https://aws.amazon.com/firehose/
me-central-1,Amazon DocumentDB (with MongoDB compatibility),https://aws.amazon.com/documentdb/
me-central-1,Amazon DynamoDB,https://aws.amazon.com/dynamodb/
me-central-1,Amazon EC2 Auto Scaling,https://aws.amazon.com/ec2/autoscaling/
me-central-1,Amazon ElastiCache,https://aws.amazon.com/elasticache/
me-central-1,Amazon Elastic Block Store (EBS),https://aws.amazon.com/ebs/
me-central-1,Amazon Elastic Compute Cloud (EC2),https://aws.amazon.com/ec2/
me-central-1,Amazon Elastic Container Registry (ECR),https://aws.amazon.com/ecr/
me-central-1,Amazon Elastic Container Service (ECS),https://aws.amazon.com/ecs/
me-central-1,Amazon Elastic File System (EFS),https://aws.amazon.com/efs/
me-central-1,Amazon Elastic Kubernetes Service (EKS),https://aws.amazon.com/eks
me-central-1,Amazon Elastic MapReduce (EMR),https://aws.amazon.com/emr/
me-central-1,Amazon EventBridge,https://aws.amazon.com/eventbridge/
me-central-1,Amazon FSx,https://aws.amazon.com/fsx/
me-central-1,Amazon FSx for Lustre,https://aws.amazon.com/fsx/lustre/
me-central-1,Amazon FSx for NetApp ONTAP,https://aws.amazon.com/fsx/netapp-ontap
me-central-1,Amazon FSx for OpenZFS,https://aws.amazon.com/fsx/openzfs
me-central-1,Amazon FSx for Windows File Server,https://aws.amazon.com/fsx/windows/
me-central-1,Amazon GuardDuty,https://aws.amazon.com/guardduty/
me-central-1,Amazon Kinesis Data Streams,https://aws.amazon.com/kinesis/streams/
me-central-1,Amazon MQ,https://aws.amazon.com/amazon-mq/
me-central-1,Amazon Managed Service for Apache Flink,https://aws.amazon.com/managed-service-apache-flink/
me-central-1,Amazon Managed Streaming for Apache Kafka,https://aws.amazon.com/msk/
me-central-1,Amazon Managed Workflows for Apache Airflow,https://aws.amazon.com/managed-workflows-for-apache-airflow/
me-central-1,Amazon Neptune,https://aws.amazon.com/neptune/
me-central-1,Amazon OpenSearch Service,https://aws.amazon.com/opensearch-service/
me-central-1,Amazon Pinpoint and End User Messaging,https://aws.amazon.com/end-user-messaging/amazon-pinpoint-aws-end-user-messaging-landing-page/
me-central-1,Amazon Redshift,https://aws.amazon.com/redshift/
me-central-1,Amazon Relational Database Service (RDS),https://aws.amazon.com/rds/
me-central-1,Amazon Route 53,https://aws.amazon.com/route53/
me-central-1,Amazon SageMaker,https://aws.amazon.com/sagemaker/
me-central-1,Amazon Simple Notification Service (SNS),https://aws.amazon.com/sns/
me-central-1,Amazon Simple Queue Service (SQS),https://aws.amazon.com/sqs/
me-central-1,Amazon Simple Storage Service (S3),https://aws.amazon.com/s3/
me-central-1,Amazon Simple Workflow Service (SWF),https://aws.amazon.com/swf/
me-central-1,Amazon Verified Permissions,https://aws.amazon.com/verified-permissions/
me-central-1,Amazon Virtual Private Cloud (VPC),https://aws.amazon.com/vpc/
me-central-1,EC2 Image Builder,https://aws.amazon.com/image-builder/
me-central-1,Elastic Load Balancing,https://aws.amazon.com/elasticloadbalancing/
me-central-1,Red Hat OpenShift Service on AWS (ROSA),https://aws.amazon.com/rosa/
me-south-1,AWS Amplify,https://aws.amazon.com/amplify/
me-south-1,AWS App Mesh,https://aws.amazon.com/app-mesh/
me-south-1,AWS AppSync,https://aws.amazon.com/appsync/
me-south-1,AWS Application Migration Service (MGN),https://aws.amazon.com/application-migration-service/
me-south-1,AWS Artifact,https://aws.amazon.com/artifact/
me-south-1,AWS Auto Scaling,https://aws.amazon.com/autoscaling/
me-south-1,AWS Backup,https://aws.amazon.com/backup/
me-south-1,AWS Batch,https://aws.amazon.com/batch/
me-south-1,AWS Certificate Manager,https://aws.amazon.com/certificate-manager/
me-south-1,AWS Chatbot,https://aws.amazon.com/chatbot/
me-south-1,AWS Cloud Control API,https://aws.amazon.com/cloudcontrolapi/
me-south-1,AWS Cloud Map,https://aws.amazon.com/cloud-map/
me-south-1,AWS Cloud9,https://aws.amazon.com/cloud9/
me-south-1,AWS CloudFormation,https://aws.amazon.com/cloudformation/
me-south-1,AWS CloudHSM,https://aws.amazon.com/cloudhsm/
me-south-1,AWS CloudShell,https://aws.amazon.com/cloudshell/
me-south-1,AWS CloudTrail,https://aws.amazon.com/cloudtrail/
me-south-1,AWS CodeBuild,https://aws.amazon.com/codebuild/
me-south-1,AWS CodeCommit,https://aws.amazon.com/codecommit/
me-south-1,AWS CodeDeploy,https://aws.amazon.com/codedeploy/
me-south-1,AWS CodePipeline,https://aws.amazon.com/codepipeline/
me-south-1,AWS Compute Optimizer,https://aws.amazon.com/compute-optimizer/
me-south-1,AWS Config,https://aws.amazon.com/config/
me-south-1,AWS Control Tower,https://aws.amazon.com/controltower
me-south-1,AWS DataSync,https://aws.amazon.com/datasync
me-south-1,AWS Database Migration Service,https://aws.amazon.com/dms/
me-south-1,AWS Direct Connect,https://aws.amazon.com/directconnect/
me-south-1,AWS Directory Service,https://aws.amazon.com/directoryservice/
me-south-1,AWS Elastic Beanstalk,https://aws.amazon.com/elasticbeanstalk/
me-south-1,AWS Elastic Disaster Recovery (DRS),https://aws.amazon.com/disaster-recovery/
me-south-1,AWS Fargate,https://aws.amazon.com/fargate/
me-south-1,AWS Fault Injection Service,https://aws.amazon.com/fis/
me-south-1,AWS Firewall Manager,https://aws.amazon.com/firewall-manager/
me-south-1,AWS Global Accelerator,https://aws.amazon.com/global-accelerator
me-south-1,AWS Glue,https://aws.amazon.com/glue/
me-south-1,AWS Ground Station,https://aws.amazon.com/ground-station/
me-south-1,AWS Health Dashboard,https://aws.amazon.com/premiumsupport/technology/aws-health-dashboard/
me-south-1,AWS IAM Identity Center,https://aws.amazon.com/iam/identity-center/
me-south-1,AWS IQ,https://aws.amazon.com/iq/
me-south-1,AWS Identity and Access Management (IAM),https://aws.amazon.com/iam
me-south-1,AWS IoT Core,https://aws.amazon.com/iot/
me-south-1,AWS IoT Device Defender,https://aws.amazon.com/iot-device-defender/
me-south-1,AWS IoT Device Management,https://aws.amazon.com/iot-device-management/
me-south-1,AWS Key Management Service,https://aws.amazon.com/kms/
me-south-1,AWS Lake Formation,https://aws.amazon.com/lake-formation/
me-south-1,AWS Lambda,https://aws.amazon.com/lambda/
me-south-1,AWS Launch Wizard,https://aws.amazon.com/launchwizard/
me-south-1,AWS License Manager,https://aws.amazon.com/license-manager/
me-south-1,AWS Managed Services,https://aws.amazon.com/managed-services/
me-south-1,AWS Marketplace,https://aws.amazon.com/mp/
me-south-1,AWS Network Firewall,https://aws.amazon.com/network-firewall/
me-south-1,AWS Organizations,https://aws.amazon.com/organizations
me-south-1,AWS Outposts,https://aws.amazon.com/outposts/
me-south-1,AWS Private Certificate Authority,https://aws.amazon.com/private-ca/
me-south-1,AWS PrivateLink,https://aws.amazon.com/privatelink/
me-south-1,AWS Resilience Hub,https://aws.amazon.com/resilience-hub/
me-south-1,AWS Resource Access Manager (RAM),https://aws.amazon.com/ram/
me-south-1,AWS Resource Explorer,https://aws.amazon.com/resourceexplorer/
me-south-1,AWS Resource Groups,https://docs.aws.amazon.com/ARG/index.html
me-south-1,AWS Secrets Manager,https://aws.amazon.com/secrets-manager/
me-south-1,AWS Security Hub,https://aws.amazon.com/security-hub/
me-south-1,AWS Serverless Application Repository,https://aws.amazon.com/serverless/serverlessrepo/
me-south-1,AWS Service Catalog,https://aws.amazon.com/servicecatalog/
me-south-1,AWS Shield,https://aws.amazon.com/shield/
me-south-1,AWS Signer,https://docs.aws.amazon.com/signer/latest/developerguide/Welcome.html
me-south-1,AWS Step Functions,https://aws.amazon.com/step-functions/details/
me-south-1,AWS Storage Gateway,https://aws.amazon.com/storagegateway/
me-south-1,AWS Support,https://aws.amazon.com/premiumsupport/
me-south-1,AWS Systems Manager,https://aws.amazon.com/systems-manager/
me-south-1,AWS Transfer Family,https://aws.amazon.com/aws-transfer-family/
me-south-1,AWS Transit Gateway,https://aws.amazon.com/transit-gateway/
me-south-1,AWS Trusted Advisor,https://aws.amazon.com/premiumsupport/trustedadvisor/
me-south-1,AWS User Notifications,https://aws.amazon.com/notifications/
me-south-1,AWS VPN,https://aws.amazon.com/vpn/
me-south-1,AWS WAF,https://aws.amazon.com/waf/
me-south-1,AWS Well-Architected Tool,https://aws.amazon.com/well-architected-tool
me-south-1,AWS X-Ray,https://aws.amazon.com/xray/
me-south-1,Amazon API Gateway,https://aws.amazon.com/api-gateway/
me-south-1,Amazon Application Recovery Controller,https://aws.amazon.com/application-recovery-controller/
me-south-1,Amazon Athena,https://aws.amazon.com/athena/
me-south-1,Amazon Aurora,https://aws.amazon.com/rds/aurora/
me-south-1,Amazon CloudFront,https://aws.amazon.com/cloudfront/
me-south-1,Amazon CloudWatch,https://aws.amazon.com/cloudwatch/
me-south-1,Amazon CloudWatch Logs,https://aws.amazon.com/cloudwatch/
me-south-1,Amazon Cognito,https://aws.amazon.com/cognito/
me-south-1,Amazon Data Firehose,https://aws.amazon.com/firehose/
me-south-1,Amazon Detective,https://aws.amazon.com/detective/
me-south-1,Amazon DynamoDB,https://aws.amazon.com/dynamodb/
me-south-1,Amazon EC2 Auto Scaling,https://aws.amazon.com/ec2/autoscaling/
me-south-1,Amazon ElastiCache,https://aws.amazon.com/elasticache/
me-south-1,Amazon Elastic Block Store (EBS),https://aws.amazon.com/ebs/
me-south-1,Amazon Elastic Compute Cloud (EC2),https://aws.amazon.com/ec2/
me-south-1,Amazon Elastic Container Registry (ECR),https://aws.amazon.com/ecr/
me-south-1,Amazon Elastic Container Service (ECS),https://aws.amazon.com/ecs/
me-south-1,Amazon Elastic File System (EFS),https://aws.amazon.com/efs/
me-south-1,Amazon Elastic Kubernetes Service (EKS),https://aws.amazon.com/eks
me-south-1,Amazon Elastic MapReduce (EMR),https://aws.amazon.com/emr/
me-south-1,Amazon EventBridge,https://aws.amazon.com/eventbridge/
me-south-1,Amazon FSx,https://aws.amazon.com/fsx/
me-south-1,Amazon FSx for Lustre,https://aws.amazon.com/fsx/lustre/
me-south-1,Amazon FSx for NetApp ONTAP,https://aws.amazon.com/fsx/netapp-ontap
me-south-1,Amazon FSx for OpenZFS,https://aws.amazon.com/fsx/openzfs
me-south-1,Amazon FSx for Windows File Server,https://aws.amazon.com/fsx/windows/
me-south-1,Amazon GameLift,https://aws.amazon.com/gamelift/
me-south-1,Amazon GuardDuty,https://aws.amazon.com/guardduty/
me-south-1,Amazon Inspector,https://aws.amazon.com/inspector/
me-south-1,Amazon Keyspaces (for Apache Cassandra),https://aws.amazon.com/keyspaces/
me-south-1,Amazon Kinesis Data Streams,https://aws.amazon.com/kinesis/streams/
me-south-1,Amazon Lumberyard,https://aws.amazon.com/lumberyard/
me-south-1,Amazon MQ,https://aws.amazon.com/amazon-mq/
me-south-1,Amazon Macie,https://aws.amazon.com/macie/
me-south-1,Amazon Managed Service for Apache Flink,https://aws.amazon.com/managed-service-apache-flink/
me-south-1,Amazon Managed Streaming for Apache Kafka,https://aws.amazon.com/msk/
me-south-1,Amazon Managed Workflows for Apache Airflow,https://aws.amazon.com/managed-workflows-for-apache-airflow/
me-south-1,Amazon Neptune,https://aws.amazon.com/neptune/
me-south-1,Amazon OpenSearch Service,https://aws.amazon.com/opensearch-service/
me-south-1,Amazon Pinpoint and End User Messaging,https://aws.amazon.com/end-user-messaging/amazon-pinpoint-aws-end-user-messaging-landing-page/
me-south-1,Amazon Polly,https://aws.amazon.com/polly/
me-south-1,Amazon Redshift,https://aws.amazon.com/redshift/
me-south-1,Amazon Relational Database Service (RDS),https://aws.amazon.com/rds/
me-south-1,Amazon Route 53,https://aws.amazon.com/route53/
me-south-1,Amazon SageMaker,https://aws.amazon.com/sagemaker/
me-south-1,Amazon Simple Email Service (SES),https://aws.amazon.com/ses/
me-south-1,Amazon Simple Notification Service (SNS),https://aws.amazon.com/sns/
me-south-1,Amazon Simple Queue Service (SQS),https://aws.amazon.com/sqs/
me-south-1,Amazon Simple Storage Service (S3),https://aws.amazon.com/s3/
me-south-1,Amazon Simple Workflow Service (SWF),https://aws.amazon.com/swf/
me-south-1,Amazon Transcribe,https://aws.amazon.com/transcribe/
me-south-1,Amazon VPC Lattice,https://aws.amazon.com/vpc/lattice/
me-south-1,Amazon Verified Permissions,https://aws.amazon.com/verified-permissions/
me-south-1,Amazon Virtual Private Cloud (VPC),https://aws.amazon.com/vpc/
me-south-1,CloudEndure Disaster Recovery,https://aws.amazon.com/cloudendure-disaster-recovery/
me-south-1,CloudEndure Migration,https://aws.amazon.com/cloudendure-migration/
me-south-1,EC2 Image Builder,https://aws.amazon.com/image-builder/
me-south-1,Elastic Load Balancing,https://aws.amazon.com/elasticloadbalancing/
me-south-1,FreeRTOS,https://aws.amazon.com/freertos/
me-south-1,Red Hat OpenShift Service on AWS (ROSA),https://aws.amazon.com/rosa/
me-south-1,VMware Cloud on AWS,https://aws.amazon.com/vmware/
sa-east-1,AWS Amplify,https://aws.amazon.com/amplify/
sa-east-1,AWS App Mesh,https://aws.amazon.com/app-mesh/
sa-east-1,AWS AppSync,https://aws.amazon.com/appsync/
sa-east-1,AWS Application Migration Service (MGN),https://aws.amazon.com/application-migration-service/
sa-east-1,AWS Artifact,https://aws.amazon.com/artifact/
sa-east-1,AWS Auto Scaling,https://aws.amazon.com/autoscaling/
sa-east-1,AWS Backup,https://aws.amazon.com/backup/
sa-east-1,AWS Batch,https://aws.amazon.com/batch/
sa-east-1,AWS Budgets,https://aws.amazon.com/aws-cost-management/aws-budgets/
sa-east-1,AWS Certificate Manager,https://aws.amazon.com/certificate-manager/
sa-east-1,AWS Chatbot,https://aws.amazon.com/chatbot/
sa-east-1,AWS Cloud Control API,https://aws.amazon.com/cloudcontrolapi/
sa-east-1,AWS Cloud Map,https://aws.amazon.com/cloud-map/
sa-east-1,AWS Cloud9,https://aws.amazon.com/cloud9/
sa-east-1,AWS CloudFormation,https://aws.amazon.com/cloudformation/
sa-east-1,AWS CloudHSM,https://aws.amazon.com/cloudhsm/
sa-east-1,AWS CloudShell,https://aws.amazon.com/cloudshell/
sa-east-1,AWS CloudTrail,https://aws.amazon.com/cloudtrail/
sa-east-1,AWS CodeBuild,https://aws.amazon.com/codebuild/
sa-east-1,AWS CodeCommit,https://aws.amazon.com/codecommit/
sa-east-1,AWS CodeDeploy,https://aws.amazon.com/codedeploy/
sa-east-1,AWS CodePipeline,https://aws.amazon.com/codepipeline/
sa-east-1,AWS Compute Optimizer,https://aws.amazon.com/compute-optimizer/
sa-east-1,AWS Config,https://aws.amazon.com/config/
sa-east-1,AWS Control Tower,https://aws.amazon.com/controltower
sa-east-1,AWS DataSync,https://aws.amazon.com/datasync
sa-east-1,AWS Database Migration Service,https://aws.amazon.com/dms/
sa-east-1,AWS Direct Connect,https://aws.amazon.com/directconnect/
sa-east-1,AWS Directory Service,https://aws.amazon.com/directoryservice/
sa-east-1,AWS Elastic Beanstalk,https://aws.amazon.com/elasticbeanstalk/
sa-east-1,AWS Elastic Disaster Recovery (DRS),https://aws.amazon.com/disaster-recovery/
sa-east-1,AWS Elemental MediaConnect,https://aws.amazon.com/mediaconnect
sa-east-1,AWS Elemental MediaConvert,https://aws.amazon.com/mediaconvert/
sa-east-1,AWS Elemental MediaLive,https://aws.amazon.com/medialive/
sa-east-1,AWS Elemental MediaPackage,https://aws.amazon.com/mediapackage/
sa-east-1,AWS Elemental MediaTailor,https://aws.amazon.com/mediatailor/
sa-east-1,AWS Fargate,https://aws.amazon.com/fargate/
sa-east-1,AWS Fault Injection Service,https://aws.amazon.com/fis/
sa-east-1,AWS Firewall Manager,https://aws.amazon.com/firewall-manager/
sa-east-1,AWS Global Accelerator,https://aws.amazon.com/global-accelerator
sa-east-1,AWS Glue,https://aws.amazon.com/glue/
sa-east-1,AWS Ground Station,https://aws.amazon.com/ground-station/
sa-east-1,AWS Health Dashboard,https://aws.amazon.com/premiumsupport/technology/aws-health-dashboard/
sa-east-1,AWS IAM Identity Center,https://aws.amazon.com/iam/identity-center/
sa-east-1,AWS IQ,https://aws.amazon.com/iq/
sa-east-1,AWS Identity and Access Management (IAM),https://aws.amazon.com/iam
sa-east-1,AWS IoT Core,https://aws.amazon.com/iot/
sa-east-1,AWS IoT Device Management,https://aws.amazon.com/iot-device-management/
sa-east-1,AWS Key Management Service,https://aws.amazon.com/kms/
sa-east-1,AWS Lake Formation,https://aws.amazon.com/lake-formation/
sa-east-1,AWS Lambda,https://aws.amazon.com/lambda/
sa-east-1,AWS Launch Wizard,https://aws.amazon.com/launchwizard/
sa-east-1,AWS License Manager,https://aws.amazon.com/license-manager/
sa-east-1,AWS Mainframe Modernization,https://aws.amazon.com/mainframe-modernization/
sa-east-1,AWS Managed Services,https://aws.amazon.com/managed-services/
sa-east-1,AWS Marketplace,https://aws.amazon.com/mp/
sa-east-1,AWS Network Firewall,https://aws.amazon.com/network-firewall/
sa-east-1,AWS OpsWorks Stacks,https://aws.amazon.com/opsworks/stacks/
sa-east-1,AWS Organizations,https://aws.amazon.com/organizations
sa-east-1,AWS Outposts,https://aws.amazon.com/outposts/
sa-east-1,AWS Private Certificate Authority,https://aws.amazon.com/private-ca/
sa-east-1,AWS PrivateLink,https://aws.amazon.com/privatelink/
sa-east-1,AWS Resilience Hub,https://aws.amazon.com/resilience-hub/
sa-east-1,AWS Resource Access Manager (RAM),https://aws.amazon.com/ram/
sa-east-1,AWS Resource Explorer,https://aws.amazon.com/resourceexplorer/
sa-east-1,AWS Resource Groups,https://docs.aws.amazon.com/ARG/index.html
sa-east-1,AWS Secrets Manager,https://aws.amazon.com/secrets-manager/
sa-east-1,AWS Security Hub,https://aws.amazon.com/security-hub/
sa-east-1,AWS Serverless Application Repository,https://aws.amazon.com/serverless/serverlessrepo/
sa-east-1,AWS Service Catalog,https://aws.amazon.com/servicecatalog/
sa-east-1,AWS Shield,https://aws.amazon.com/shield/
sa-east-1,AWS Signer,https://docs.aws.amazon.com/signer/latest/developerguide/Welcome.html
sa-east-1,AWS Snowball,https://aws.amazon.com/snowball/
sa-east-1,AWS Snowcone,https://aws.amazon.com/snowcone/
sa-east-1,AWS Step Functions,https://aws.amazon.com/step-functions/details/
sa-east-1,AWS Storage Gateway,https://aws.amazon.com/storagegateway/
sa-east-1,AWS Support,https://aws.amazon.com/premiumsupport/
sa-east-1,AWS Systems Manager,https://aws.amazon.com/systems-manager/
sa-east-1,AWS Telco Network Builder,https://aws.amazon.com/tnb/
sa-east-1,AWS Transfer Family,https://aws.amazon.com/aws-transfer-family/
sa-east-1,AWS Transit Gateway,https://aws.amazon.com/transit-gateway/
sa-east-1,AWS Trusted Advisor,https://aws.amazon.com/premiumsupport/trustedadvisor/
sa-east-1,AWS User Notifications,https://aws.amazon.com/notifications/
sa-east-1,AWS VPN,https://aws.amazon.com/vpn/
sa-east-1,AWS Verified Access,https://aws.amazon.com/verified-access/
sa-east-1,AWS WAF,https://aws.amazon.com/waf/
sa-east-1,AWS Well-Architected Tool,https://aws.amazon.com/well-architected-tool
sa-east-1,AWS X-Ray,https://aws.amazon.com/xray/
sa-east-1,Amazon API Gateway,https://aws.amazon.com/api-gateway/
sa-east-1,Amazon AppFlow,https://aws.amazon.com/appflow/
sa-east-1,Amazon AppStream 2.0,https://aws.amazon.com/appstream2/
sa-east-1,Amazon Application Recovery Controller,https://aws.amazon.com/application-recovery-controller/
sa-east-1,Amazon Athena,https://aws.amazon.com/athena/
sa-east-1,Amazon Aurora,https://aws.amazon.com/rds/aurora/
sa-east-1,Amazon Bedrock,https://aws.amazon.com/bedrock/
sa-east-1,Amazon Chime,https://chime.aws/
sa-east-1,Amazon Chime SDK,https://aws.amazon.com/chime/chime-sdk/
sa-east-1,Amazon CloudFront,https://aws.amazon.com/cloudfront/
sa-east-1,Amazon CloudSearch,https://aws.amazon.com/cloudsearch/
sa-east-1,Amazon CloudWatch,https://aws.amazon.com/cloudwatch/
sa-east-1,Amazon CloudWatch Logs,https://aws.amazon.com/cloudwatch/
sa-east-1,Amazon Cognito,https://aws.amazon.com/cognito/
sa-east-1,Amazon Data Firehose,https://aws.amazon.com/firehose/
sa-east-1,Amazon DataZone,https://aws.amazon.com/datazone/
sa-east-1,Amazon Detective,https://aws.amazon.com/detective/
sa-east-1,Amazon DevOps Guru,https://aws.amazon.com/devops-guru/
sa-east-1,Amazon DocumentDB (with MongoDB compatibility),https://aws.amazon.com/documentdb/
sa-east-1,Amazon DynamoDB,https://aws.amazon.com/dynamodb/
sa-east-1,Amazon DynamoDB Accelerator,https://aws.amazon.com/dynamodb/dax/
sa-east-1,Amazon EC2 Auto Scaling,https://aws.amazon.com/ec2/autoscaling/
sa-east-1,Amazon ElastiCache,https://aws.amazon.com/elasticache/
sa-east-1,Amazon Elastic Block Store (EBS),https://aws.amazon.com/ebs/
sa-east-1,Amazon Elastic Compute Cloud (EC2),https://aws.amazon.com/ec2/
sa-east-1,Amazon Elastic Container Registry (ECR),https://aws.amazon.com/ecr/
sa-east-1,Amazon Elastic Container Service (ECS),https://aws.amazon.com/ecs/
sa-east-1,Amazon Elastic File System (EFS),https://aws.amazon.com/efs/
sa-east-1,Amazon Elastic Kubernetes Service (EKS),https://aws.amazon.com/eks
sa-east-1,Amazon Elastic MapReduce (EMR),https://aws.amazon.com/emr/
sa-east-1,Amazon EventBridge,https://aws.amazon.com/eventbridge/
sa-east-1,Amazon FSx,https://aws.amazon.com/fsx/
sa-east-1,Amazon FSx for Lustre,https://aws.amazon.com/fsx/lustre/
sa-east-1,Amazon FSx for NetApp ONTAP,https://aws.amazon.com/fsx/netapp-ontap
sa-east-1,Amazon FSx for OpenZFS,https://aws.amazon.com/fsx/openzfs
sa-east-1,Amazon FSx for Windows File Server,https://aws.amazon.com/fsx/windows/
sa-east-1,Amazon GameLift,https://aws.amazon.com/gamelift/
sa-east-1,Amazon GuardDuty,https://aws.amazon.com/guardduty/
sa-east-1,Amazon Inspector,https://aws.amazon.com/inspector/
sa-east-1,Amazon Keyspaces (for Apache Cassandra),https://aws.amazon.com/keyspaces/
sa-east-1,Amazon Kinesis Data Streams,https://aws.amazon.com/kinesis/streams/
sa-east-1,Amazon Kinesis Video Streams,https://aws.amazon.com/kinesis/video-streams/
sa-east-1,Amazon Location Service,https://aws.amazon.com/location
sa-east-1,Amazon Lumberyard,https://aws.amazon.com/lumberyard/
sa-east-1,Amazon MQ,https://aws.amazon.com/amazon-mq/
sa-east-1,Amazon Macie,https://aws.amazon.com/macie/
sa-east-1,Amazon Managed Service for Apache Flink,https://aws.amazon.com/managed-service-apache-flink/
sa-east-1,Amazon Managed Service for Prometheus,https://aws.amazon.com/prometheus/
sa-east-1,Amazon Managed Streaming for Apache Kafka,https://aws.amazon.com/msk/
sa-east-1,Amazon Managed Workflows for Apache Airflow,https://aws.amazon.com/managed-workflows-for-apache-airflow/
sa-east-1,Amazon MemoryDB,https://aws.amazon.com/memorydb
sa-east-1,Amazon Neptune,https://aws.amazon.com/neptune/
sa-east-1,Amazon OpenSearch Service,https://aws.amazon.com/opensearch-service/
sa-east-1,Amazon Pinpoint and End User Messaging,https://aws.amazon.com/end-user-messaging/amazon-pinpoint-aws-end-user-messaging-landing-page/
sa-east-1,Amazon Polly,https://aws.amazon.com/polly/
sa-east-1,Amazon QuickSight,https://aws.amazon.com/quicksight/
sa-east-1,Amazon Redshift,https://aws.amazon.com/redshift/
sa-east-1,Amazon Relational Database Service (RDS),https://aws.amazon.com/rds/
sa-east-1,Amazon Route 53,https://aws.amazon.com/route53/
sa-east-1,Amazon SageMaker,https://aws.amazon.com/sagemaker/
sa-east-1,Amazon Security Lake,https://aws.amazon.com/security-lake/
sa-east-1,Amazon Simple Email Service (SES),https://aws.amazon.com/ses/
sa-east-1,Amazon Simple Notification Service (SNS),https://aws.amazon.com/sns/
sa-east-1,Amazon Simple Queue Service (SQS),https://aws.amazon.com/sqs/
sa-east-1,Amazon Simple Storage Service (S3),https://aws.amazon.com/s3/
sa-east-1,Amazon Simple Workflow Service (SWF),https://aws.amazon.com/swf/
sa-east-1,Amazon SimpleDB,https://aws.amazon.com/simpledb/
sa-east-1,Amazon Transcribe,https://aws.amazon.com/transcribe/
sa-east-1,Amazon VPC Lattice,https://aws.amazon.com/vpc/lattice/
sa-east-1,Amazon Verified Permissions,https://aws.amazon.com/verified-permissions/
sa-east-1,Amazon Virtual Private Cloud (VPC),https://aws.amazon.com/vpc/
sa-east-1,Amazon WorkSpaces,https://aws.amazon.com/workspaces/
sa-east-1,CloudEndure Disaster Recovery,https://aws.amazon.com/cloudendure-disaster-recovery/
sa-east-1,CloudEndure Migration,https://aws.amazon.com/cloudendure-migration/
sa-east-1,EC2 Image Builder,https://aws.amazon.com/image-builder/
sa-east-1,Elastic Load Balancing,https://aws.amazon.com/elasticloadbalancing/
sa-east-1,FreeRTOS,https://aws.amazon.com/freertos/
sa-east-1,Red Hat OpenShift Service on AWS (ROSA),https://aws.amazon.com/rosa/
sa-east-1,VMware Cloud on AWS,https://aws.amazon.com/vmware/
us-east-1,AWS Amplify,https://aws.amazon.com/amplify/
us-east-1,AWS App Mesh,https://aws.amazon.com/app-mesh/
us-east-1,AWS App Runner,https://aws.amazon.com/apprunner/
us-east-1,AWS AppFabric,https://aws.amazon.com/appfabric/
us-east-1,AWS AppSync,https://aws.amazon.com/appsync/
us-east-1,AWS Application Discovery Service,https://aws.amazon.com/application-discovery/
us-east-1,AWS Application Migration Service (MGN),https://aws.amazon.com/application-migration-service/
us-east-1,AWS Artifact,https://aws.amazon.com/artifact/
us-east-1,AWS Audit Manager,https://aws.amazon.com/audit-manager/
us-east-1,AWS Auto Scaling,https://aws.amazon.com/autoscaling/
us-east-1,AWS B2B Data Interchange,https://aws.amazon.com/b2b-data-interchange/
us-east-1,AWS Backup,https://aws.amazon.com/backup/
us-east-1,AWS Batch,https://aws.amazon.com/batch/
us-east-1,AWS Budgets,https://aws.amazon.com/aws-cost-management/aws-budgets/
us-east-1,AWS Certificate Manager,https://aws.amazon.com/certificate-manager/
us-east-1,AWS Chatbot,https://aws.amazon.com/chatbot/
us-east-1,AWS Clean Rooms,https://aws.amazon.com/clean-rooms/
us-east-1,AWS Cloud Control API,https://aws.amazon.com/cloudcontrolapi/
us-east-1,AWS Cloud Map,https://aws.amazon.com/cloud-map/
us-east-1,AWS Cloud9,https://aws.amazon.com/cloud9/
us-east-1,AWS CloudFormation,https://aws.amazon.com/cloudformation/
us-east-1,AWS CloudHSM,https://aws.amazon.com/cloudhsm/
us-east-1,AWS CloudShell,https://aws.amazon.com/cloudshell/
us-east-1,AWS CloudTrail,https://aws.amazon.com/cloudtrail/
us-east-1,AWS CodeArtifact,https://aws.amazon.com/codeartifact
us-east-1,AWS CodeBuild,https://aws.amazon.com/codebuild/
us-east-1,AWS CodeCommit,https://aws.amazon.com/codecommit/
us-east-1,AWS CodeDeploy,https://aws.amazon.com/codedeploy/
us-east-1,AWS CodePipeline,https://aws.amazon.com/codepipeline/
us-east-1,AWS Compute Optimizer,https://aws.amazon.com/compute-optimizer/
us-east-1,AWS Config,https://aws.amazon.com/config/
us-east-1,AWS Control Tower,https://aws.amazon.com/controltower
us-east-1,AWS Cost Explorer,https://aws.amazon.com/aws-cost-management/aws-cost-explorer/
us-east-1,AWS Cost and Usage Report,https://aws.amazon.com/aws-cost-management/aws-cost-and-usage-reporting/
us-east-1,AWS Data Exchange,https://aws.amazon.com/data-exchange/
us-east-1,AWS Data Pipeline,https://aws.amazon.com/datapipeline/
us-east-1,AWS DataSync,https://aws.amazon.com/datasync
us-east-1,AWS Database Migration Service,https://aws.amazon.com/dms/
us-east-1,AWS Deadline Cloud,https://aws.amazon.com/deadline-cloud/
us-east-1,AWS DeepComposer,https://aws.amazon.com/deepcomposer/
us-east-1,AWS DeepRacer,https://aws.amazon.com/deepracer/
us-east-1,AWS Direct Connect,https://aws.amazon.com/directconnect/
us-east-1,AWS Directory Service,https://aws.amazon.com/directoryservice/
us-east-1,AWS Elastic Beanstalk,https://aws.amazon.com/elasticbeanstalk/
us-east-1,AWS Elastic Disaster Recovery (DRS),https://aws.amazon.com/disaster-recovery/
us-east-1,AWS Elemental MediaConnect,https://aws.amazon.com/mediaconnect
us-east-1,AWS Elemental MediaConvert,https://aws.amazon.com/mediaconvert/
us-east-1,AWS Elemental MediaLive,https://aws.amazon.com/medialive/
us-east-1,AWS Elemental MediaPackage,https://aws.amazon.com/mediapackage/
us-east-1,AWS Elemental MediaStore,https://aws.amazon.com/mediastore/
us-east-1,AWS Elemental MediaTailor,https://aws.amazon.com/mediatailor/
us-east-1,AWS Entity Resolution,https://aws.amazon.com/entity-resolution
us-east-1,AWS Fargate,https://aws.amazon.com/fargate/
us-east-1,AWS Fault Injection Service,https://aws.amazon.com/fis/
us-east-1,AWS Firewall Manager,https://aws.amazon.com/firewall-manager/
us-east-1,AWS Global Accelerator,https://aws.amazon.com/global-accelerator
us-east-1,AWS Glue,https://aws.amazon.com/glue/
us-east-1,AWS Ground Station,https://aws.amazon.com/ground-station/
us-east-1,AWS Health Dashboard,https://aws.amazon.com/premiumsupport/technology/aws-health-dashboard/
us-east-1,AWS HealthImaging,https://aws.amazon.com/healthimaging/
us-east-1,AWS HealthLake,https://aws.amazon.com/healthlake/
us-east-1,AWS HealthOmics,https://aws.amazon.com/healthomics/
us-east-1,AWS IAM Identity Center,https://aws.amazon.com/iam/identity-center/
us-east-1,AWS IQ,https://aws.amazon.com/iq/
us-east-1,AWS Identity and Access Management (IAM),https://aws.amazon.com/iam
us-east-1,AWS IoT 1-Click,https://aws.amazon.com/iot-1-click/
us-east-1,AWS IoT Analytics,https://aws.amazon.com/iot-analytics/
us-east-1,AWS IoT Core,https://aws.amazon.com/iot/
us-east-1,AWS IoT Device Defender,https://aws.amazon.com/iot-device-defender/
us-east-1,AWS IoT Device Management,https://aws.amazon.com/iot-device-management/
us-east-1,AWS IoT Events,https://aws.amazon.com/iot-events/
us-east-1,AWS IoT FleetWise,https://aws.amazon.com/iot-fleetwise/
us-east-1,AWS IoT Greengrass,https://aws.amazon.com/greengrass/
us-east-1,AWS IoT SiteWise,https://aws.amazon.com/iot-sitewise/
us-east-1,AWS IoT TwinMaker,https://aws.amazon.com/iot-twinmaker/
us-east-1,AWS Key Management Service,https://aws.amazon.com/kms/
us-east-1,AWS Lake Formation,https://aws.amazon.com/lake-formation/
us-east-1,AWS Lambda,https://aws.amazon.com/lambda/
us-east-1,AWS Launch Wizard,https://aws.amazon.com/launchwizard/
us-east-1,AWS License Manager,https://aws.amazon.com/license-manager/
us-east-1,AWS Mainframe Modernization,https://aws.amazon.com/mainframe-modernization/
us-east-1,AWS Managed Services,https://aws.amazon.com/managed-services/
us-east-1,AWS Marketplace,https://aws.amazon.com/mp/
us-east-1,AWS Migration Hub,https://aws.amazon.com/migration-hub/
us-east-1,AWS Network Firewall,https://aws.amazon.com/network-firewall/
us-east-1,AWS OpsWorks Stacks,https://aws.amazon.com/opsworks/stacks/
us-east-1,AWS OpsWorks for Chef Automate,https://aws.amazon.com/opsworks/chefautomate/
us-east-1,AWS OpsWorks for Puppet Enterprise,https://aws.amazon.com/opsworks/puppetenterprise/
us-east-1,AWS Organizations,https://aws.amazon.com/organizations
us-east-1,AWS Outposts,https://aws.amazon.com/outposts/
us-east-1,AWS Payment Cryptography,https://aws.amazon.com/payment-cryptography/
us-east-1,AWS Private 5G,https://aws.amazon.com/private5g/
us-east-1,AWS Private Certificate Authority,https://aws.amazon.com/private-ca/
us-east-1,AWS PrivateLink,https://aws.amazon.com/privatelink/
us-east-1,AWS Proton,https://aws.amazon.com/proton/
us-east-1,AWS Resilience Hub,https://aws.amazon.com/resilience-hub/
us-east-1,AWS Resource Access Manager (RAM),https://aws.amazon.com/ram/
us-east-1,AWS Resource Explorer,https://aws.amazon.com/resourceexplorer/
us-east-1,AWS Resource Groups,https://docs.aws.amazon.com/ARG/index.html
us-east-1,AWS RoboMaker,https://aws.amazon.com/robomaker/
us-east-1,AWS Secrets Manager,https://aws.amazon.com/secrets-manager/
us-east-1,AWS Security Hub,https://aws.amazon.com/security-hub/
us-east-1,AWS Serverless Application Repository,https://aws.amazon.com/serverless/serverlessrepo/
us-east-1,AWS Service Catalog,https://aws.amazon.com/servicecatalog/
us-east-1,AWS Shield,https://aws.amazon.com/shield/
us-east-1,AWS Signer,https://docs.aws.amazon.com/signer/latest/developerguide/Welcome.html
us-east-1,AWS SimSpace Weaver,https://aws.amazon.com/simspaceweaver/
us-east-1,AWS Snowball,https://aws.amazon.com/snowball/
us-east-1,AWS Snowcone,https://aws.amazon.com/snowcone/
us-east-1,AWS Step Functions,https://aws.amazon.com/step-functions/details/
us-east-1,AWS Storage Gateway,https://aws.amazon.com/storagegateway/
us-east-1,AWS Support,https://aws.amazon.com/premiumsupport/
us-east-1,AWS Systems Manager,https://aws.amazon.com/systems-manager/
us-east-1,AWS Telco Network Builder,https://aws.amazon.com/tnb/
us-east-1,AWS Transfer Family,https://aws.amazon.com/aws-transfer-family/
us-east-1,AWS Transit Gateway,https://aws.amazon.com/transit-gateway/
us-east-1,AWS Trusted Advisor,https://aws.amazon.com/premiumsupport/trustedadvisor/
us-east-1,AWS User Notifications,https://aws.amazon.com/notifications/
us-east-1,AWS VPN,https://aws.amazon.com/vpn/
us-east-1,AWS Verified Access,https://aws.amazon.com/verified-access/
us-east-1,AWS WAF,https://aws.amazon.com/waf/
us-east-1,AWS Well-Architected Tool,https://aws.amazon.com/well-architected-tool
us-east-1,AWS Wickr,https://aws.amazon.com/wickr/
us-east-1,AWS X-Ray,https://aws.amazon.com/xray/
us-east-1,Amazon API Gateway,https://aws.amazon.com/api-gateway/
us-east-1,Amazon AppFlow,https://aws.amazon.com/appflow/
us-east-1,Amazon AppStream 2.0,https://aws.amazon.com/appstream2/
us-east-1,Amazon Application Recovery Controller,https://aws.amazon.com/application-recovery-controller/
us-east-1,Amazon Athena,https://aws.amazon.com/athena/
us-east-1,Amazon Augmented AI (A2I),https://aws.amazon.com/augmented-ai/
us-east-1,Amazon Aurora,https://aws.amazon.com/rds/aurora/
us-east-1,Amazon Bedrock,https://aws.amazon.com/bedrock/
us-east-1,Amazon Braket,https://aws.amazon.com/braket/
us-east-1,Amazon Chime,https://chime.aws/
us-east-1,Amazon Chime SDK,https://aws.amazon.com/chime/chime-sdk/
us-east-1,Amazon Cloud Directory,https://aws.amazon.com/cloud-directory/
us-east-1,Amazon CloudFront,https://aws.amazon.com/cloudfront/
us-east-1,Amazon CloudSearch,https://aws.amazon.com/cloudsearch/
us-east-1,Amazon CloudWatch,https://aws.amazon.com/cloudwatch/
us-east-1,Amazon CloudWatch Logs,https://aws.amazon.com/cloudwatch/
us-east-1,Amazon CodeGuru,https://aws.amazon.com/codeguru/
us-east-1,Amazon CodeWhisperer,https://aws.amazon.com/codewhisperer/
us-east-1,Amazon Cognito,https://aws.amazon.com/cognito/
us-east-1,Amazon Comprehend,https://aws.amazon.com/comprehend/
us-east-1,Amazon Comprehend Medical,https://aws.amazon.com/comprehend/medical/
us-east-1,Amazon Connect,https://aws.amazon.com/connect/
us-east-1,Amazon Data Firehose,https://aws.amazon.com/firehose/
us-east-1,Amazon DataZone,https://aws.amazon.com/datazone/
us-east-1,Amazon Detective,https://aws.amazon.com/detective/
us-east-1,Amazon DevOps Guru,https://aws.amazon.com/devops-guru/
us-east-1,Amazon DocumentDB (with MongoDB compatibility),https://aws.amazon.com/documentdb/
us-east-1,Amazon DynamoDB,https://aws.amazon.com/dynamodb/
us-east-1,Amazon DynamoDB Accelerator,https://aws.amazon.com/dynamodb/dax/
us-east-1,Amazon EC2 Auto Scaling,https://aws.amazon.com/ec2/autoscaling/
us-east-1,Amazon ElastiCache,https://aws.amazon.com/elasticache/
us-east-1,Amazon Elastic Block Store (EBS),https://aws.amazon.com/ebs/
us-east-1,Amazon Elastic Compute Cloud (EC2),https://aws.amazon.com/ec2/
us-east-1,Amazon Elastic Container Registry (ECR),https://aws.amazon.com/ecr/
us-east-1,Amazon Elastic Container Service (ECS),https://aws.amazon.com/ecs/
us-east-1,Amazon Elastic File System (EFS),https://aws.amazon.com/efs/
us-east-1,Amazon Elastic Inference,https://aws.amazon.com/elastic-inference/
us-east-1,Amazon Elastic Kubernetes Service (EKS),https://aws.amazon.com/eks
us-east-1,Amazon Elastic MapReduce (EMR),https://aws.amazon.com/emr/
us-east-1,Amazon Elastic Transcoder,https://aws.amazon.com/elastictranscoder/
us-east-1,Amazon EventBridge,https://aws.amazon.com/eventbridge/
us-east-1,Amazon FSx,https://aws.amazon.com/fsx/
us-east-1,Amazon FSx for Lustre,https://aws.amazon.com/fsx/lustre/
us-east-1,Amazon FSx for NetApp ONTAP,https://aws.amazon.com/fsx/netapp-ontap
us-east-1,Amazon FSx for OpenZFS,https://aws.amazon.com/fsx/openzfs
us-east-1,Amazon FSx for Windows File Server,https://aws.amazon.com/fsx/windows/
us-east-1,Amazon File Cache,https://aws.amazon.com/filecache/
us-east-1,Amazon FinSpace,https://aws.amazon.com/finspace/
us-east-1,Amazon Forecast,https://aws.amazon.com/forecast/
us-east-1,Amazon Fraud Detector,https://aws.amazon.com/fraud-detector/
us-east-1,Amazon GameLift,https://aws.amazon.com/gamelift/
us-east-1,Amazon GuardDuty,https://aws.amazon.com/guardduty/
us-east-1,Amazon IVS,https://aws.amazon.com/ivs/
us-east-1,Amazon Inspector,https://aws.amazon.com/inspector/
us-east-1,Amazon Inspector Classic,https://docs.aws.amazon.com/inspector/v1/userguide/inspector_introduction.html
us-east-1,Amazon Kendra,https://aws.amazon.com/kendra/
us-east-1,Amazon Keyspaces (for Apache Cassandra),https://aws.amazon.com/keyspaces/
us-east-1,Amazon Kinesis Data Streams,https://aws.amazon.com/kinesis/streams/
us-east-1,Amazon Kinesis Video Streams,https://aws.amazon.com/kinesis/video-streams/
us-east-1,Amazon Lex,https://aws.amazon.com/lex/
us-east-1,Amazon Lightsail,https://amazonlightsail.com/
us-east-1,Amazon Location Service,https://aws.amazon.com/location
us-east-1,Amazon Lookout for Metrics,https://aws.amazon.com/lookout-for-metrics/
us-east-1,Amazon Lookout for Vision,https://aws.amazon.com/lookout-for-vision/
us-east-1,Amazon Lumberyard,https://aws.amazon.com/lumberyard/
us-east-1,Amazon MQ,https://aws.amazon.com/amazon-mq/
us-east-1,Amazon Macie,https://aws.amazon.com/macie/
us-east-1,Amazon Managed Blockchain,https://aws.amazon.com/managed-blockchain/
us-east-1,Amazon Managed Grafana,https://aws.amazon.com/grafana/
us-east-1,Amazon Managed Service for Apache Flink,https://aws.amazon.com/managed-service-apache-flink/
us-east-1,Amazon Managed Service for Prometheus,https://aws.amazon.com/prometheus/
us-east-1,Amazon Managed Streaming for Apache Kafka,https://aws.amazon.com/msk/
us-east-1,Amazon Managed Workflows for Apache Airflow,https://aws.amazon.com/managed-workflows-for-apache-airflow/
us-east-1,Amazon MemoryDB,https://aws.amazon.com/memorydb
us-east-1,Amazon Monitron,https://aws.amazon.com/pm/monitron/
us-east-1,Amazon Neptune,https://aws.amazon.com/neptune/
us-east-1,Amazon Nimble Studio,https://aws.amazon.com/nimble-studio/
us-east-1,Amazon OpenSearch Service,https://aws.amazon.com/opensearch-service/
us-east-1,Amazon Personalize,https://aws.amazon.com/personalize/
us-east-1,Amazon Pinpoint and End User Messaging,https://aws.amazon.com/end-user-messaging/amazon-pinpoint-aws-end-user-messaging-landing-page/
us-east-1,Amazon Polly,https://aws.amazon.com/polly/
us-east-1,Amazon Q Business,https://aws.amazon.com/q/business/
us-east-1,Amazon Q Developer,https://aws.amazon.com/q/developer/
us-east-1,Amazon Quantum Ledger Database (QLDB),https://aws.amazon.com/qldb/
us-east-1,Amazon QuickSight,https://aws.amazon.com/quicksight/
us-east-1,Amazon RDS on VMware,https://aws.amazon.com/rds/vmware/
us-east-1,Amazon Redshift,https://aws.amazon.com/redshift/
us-east-1,Amazon Rekognition,https://aws.amazon.com/rekognition/
us-east-1,Amazon Relational Database Service (RDS),https://aws.amazon.com/rds/
us-east-1,Amazon Route 53,https://aws.amazon.com/route53/
us-east-1,Amazon SageMaker,https://aws.amazon.com/sagemaker/
us-east-1,Amazon Security Lake,https://aws.amazon.com/security-lake/
us-east-1,Amazon Simple Email Service (SES),https://aws.amazon.com/ses/
us-east-1,Amazon Simple Notification Service (SNS),https://aws.amazon.com/sns/
us-east-1,Amazon Simple Queue Service (SQS),https://aws.amazon.com/sqs/
us-east-1,Amazon Simple Storage Service (S3),https://aws.amazon.com/s3/
us-east-1,Amazon Simple Workflow Service (SWF),https://aws.amazon.com/swf/
us-east-1,Amazon SimpleDB,https://aws.amazon.com/simpledb/
us-east-1,Amazon Textract,https://aws.amazon.com/textract
us-east-1,Amazon Timestream,https://aws.amazon.com/timestream
us-east-1,Amazon Transcribe,https://aws.amazon.com/transcribe/
us-east-1,Amazon Translate,https://aws.amazon.com/translate/
us-east-1,Amazon VPC Lattice,https://aws.amazon.com/vpc/lattice/
us-east-1,Amazon Verified Permissions,https://aws.amazon.com/verified-permissions/
us-east-1,Amazon Virtual Private Cloud (VPC),https://aws.amazon.com/vpc/
us-east-1,Amazon WorkDocs,https://aws.amazon.com/workdocs/
us-east-1,Amazon WorkMail,https://aws.amazon.com/workmail/
us-east-1,Amazon WorkSpaces,https://aws.amazon.com/workspaces/
us-east-1,Amazon WorkSpaces Secure Browser,https://aws.amazon.com/workspaces/secure-browser/
us-east-1,Amazon WorkSpaces Thin Client,https://aws.amazon.com/workspaces/thin-client/
us-east-1,CloudEndure Disaster Recovery,https://aws.amazon.com/cloudendure-disaster-recovery/
us-east-1,CloudEndure Migration,https://aws.amazon.com/cloudendure-migration/
us-east-1,EC2 Image Builder,https://aws.amazon.com/image-builder/
us-east-1,Elastic Load Balancing,https://aws.amazon.com/elasticloadbalancing/
us-east-1,FreeRTOS,https://aws.amazon.com/freertos/
us-east-1,Red Hat OpenShift Service on AWS (ROSA),https://aws.amazon.com/rosa/
us-east-1,VMware Cloud on AWS,https://aws.amazon.com/vmware/
us-east-2,AWS Amplify,https://aws.amazon.com/amplify/
us-east-2,AWS App Mesh,https://aws.amazon.com/app-mesh/
us-east-2,AWS App Runner,https://aws.amazon.com/apprunner/
us-east-2,AWS AppSync,https://aws.amazon.com/appsync/
us-east-2,AWS Application Migration Service (MGN),https://aws.amazon.com/application-migration-service/
us-east-2,AWS Artifact,https://aws.amazon.com/artifact/
us-east-2,AWS Audit Manager,https://aws.amazon.com/audit-manager/
us-east-2,AWS Auto Scaling,https://aws.amazon.com/autoscaling/
us-east-2,AWS B2B Data Interchange,https://aws.amazon.com/b2b-data-interchange/
us-east-2,AWS Backup,https://aws.amazon.com/backup/
us-east-2,AWS Batch,https://aws.amazon.com/batch/
us-east-2,AWS Budgets,https://aws.amazon.com/aws-cost-management/aws-budgets/
us-east-2,AWS Certificate Manager,https://aws.amazon.com/certificate-manager/
us-east-2,AWS Chatbot,https://aws.amazon.com/chatbot/
us-east-2,AWS Clean Rooms,https://aws.amazon.com/clean-rooms/
us-east-2,AWS Cloud Control API,https://aws.amazon.com/cloudcontrolapi/
us-east-2,AWS Cloud Map,https://aws.amazon.com/cloud-map/
us-east-2,AWS Cloud9,https://aws.amazon.com/cloud9/
us-east-2,AWS CloudFormation,https://aws.amazon.com/cloudformation/
us-east-2,AWS CloudHSM,https://aws.amazon.com/cloudhsm/
us-east-2,AWS CloudShell,https://aws.amazon.com/cloudshell/
us-east-2,AWS CloudTrail,https://aws.amazon.com/cloudtrail/
us-east-2,AWS CodeArtifact,https://aws.amazon.com/codeartifact
us-east-2,AWS CodeBuild,https://aws.amazon.com/codebuild/
us-east-2,AWS CodeCommit,https://aws.amazon.com/codecommit/
us-east-2,AWS CodeDeploy,https://aws.amazon.com/codedeploy/
us-east-2,AWS CodePipeline,https://aws.amazon.com/codepipeline/
us-east-2,AWS Compute Optimizer,https://aws.amazon.com/compute-optimizer/
us-east-2,AWS Config,https://aws.amazon.com/config/
us-east-2,AWS Control Tower,https://aws.amazon.com/controltower
us-east-2,AWS Data Exchange,https://aws.amazon.com/data-exchange/
us-east-2,AWS DataSync,https://aws.amazon.com/datasync
us-east-2,AWS Database Migration Service,https://aws.amazon.com/dms/
us-east-2,AWS Deadline Cloud,https://aws.amazon.com/deadline-cloud/
us-east-2,AWS Direct Connect,https://aws.amazon.com/directconnect/
us-east-2,AWS Directory Service,https://aws.amazon.com/directoryservice/
us-east-2,AWS Elastic Beanstalk,https://aws.amazon.com/elasticbeanstalk/
us-east-2,AWS Elastic Disaster Recovery (DRS),https://aws.amazon.com/disaster-recovery/
us-east-2,AWS Elemental MediaConnect,https://aws.amazon.com/mediaconnect
us-east-2,AWS Elemental MediaConvert,https://aws.amazon.com/mediaconvert/
us-east-2,AWS Elemental MediaLive,https://aws.amazon.com/medialive/
us-east-2,AWS Elemental MediaPackage,https://aws.amazon.com/mediapackage/
us-east-2,AWS Elemental MediaTailor,https://aws.amazon.com/mediatailor/
us-east-2,AWS Entity Resolution,https://aws.amazon.com/entity-resolution
us-east-2,AWS Fargate,https://aws.amazon.com/fargate/
us-east-2,AWS Fault Injection Service,https://aws.amazon.com/fis/
us-east-2,AWS Firewall Manager,https://aws.amazon.com/firewall-manager/
us-east-2,AWS Global Accelerator,https://aws.amazon.com/global-accelerator
us-east-2,AWS Glue,https://aws.amazon.com/glue/
us-east-2,AWS Ground Station,https://aws.amazon.com/ground-station/
us-east-2,AWS Health Dashboard,https://aws.amazon.com/premiumsupport/technology/aws-health-dashboard/
us-east-2,AWS HealthLake,https://aws.amazon.com/healthlake/
us-east-2,AWS IAM Identity Center,https://aws.amazon.com/iam/identity-center/
us-east-2,AWS IQ,https://aws.amazon.com/iq/
us-east-2,AWS Identity and Access Management (IAM),https://aws.amazon.com/iam
us-east-2,AWS IoT 1-Click,https://aws.amazon.com/iot-1-click/
us-east-2,AWS IoT Analytics,https://aws.amazon.com/iot-analytics/
us-east-2,AWS IoT Core,https://aws.amazon.com/iot/
us-east-2,AWS IoT Device Defender,https://aws.amazon.com/iot-device-defender/
us-east-2,AWS IoT Device Management,https://aws.amazon.com/iot-device-management/
us-east-2,AWS IoT Events,https://aws.amazon.com/iot-events/
us-east-2,AWS IoT Greengrass,https://aws.amazon.com/greengrass/
us-east-2,AWS IoT SiteWise,https://aws.amazon.com/iot-sitewise/
us-east-2,AWS Key Management Service,https://aws.amazon.com/kms/
us-east-2,AWS Lake Formation,https://aws.amazon.com/lake-formation/
us-east-2,AWS Lambda,https://aws.amazon.com/lambda/
us-east-2,AWS Launch Wizard,https://aws.amazon.com/launchwizard/
us-east-2,AWS License Manager,https://aws.amazon.com/license-manager/
us-east-2,AWS Mainframe Modernization,https://aws.amazon.com/mainframe-modernization/
us-east-2,AWS Managed Services,https://aws.amazon.com/managed-services/
us-east-2,AWS Marketplace,https://aws.amazon.com/mp/
us-east-2,AWS Network Firewall,https://aws.amazon.com/network-firewall/
us-east-2,AWS OpsWorks Stacks,https://aws.amazon.com/opsworks/stacks/
us-east-2,AWS OpsWorks for Chef Automate,https://aws.amazon.com/opsworks/chefautomate/
us-east-2,AWS OpsWorks for Puppet Enterprise,https://aws.amazon.com/opsworks/puppetenterprise/
us-east-2,AWS Organizations,https://aws.amazon.com/organizations
us-east-2,AWS Outposts,https://aws.amazon.com/outposts/
us-east-2,AWS Payment Cryptography,https://aws.amazon.com/payment-cryptography/
us-east-2,AWS Private 5G,https://aws.amazon.com/private5g/
us-east-2,AWS Private Certificate Authority,https://aws.amazon.com/private-ca/
us-east-2,AWS PrivateLink,https://aws.amazon.com/privatelink/
us-east-2,AWS Proton,https://aws.amazon.com/proton/
us-east-2,AWS Resilience Hub,https://aws.amazon.com/resilience-hub/
us-east-2,AWS Resource Access Manager (RAM),https://aws.amazon.com/ram/
us-east-2,AWS Resource Explorer,https://aws.amazon.com/resourceexplorer/
us-east-2,AWS Resource Groups,https://docs.aws.amazon.com/ARG/index.html
us-east-2,AWS RoboMaker,https://aws.amazon.com/robomaker/
us-east-2,AWS Secrets Manager,https://aws.amazon.com/secrets-manager/
us-east-2,AWS Security Hub,https://aws.amazon.com/security-hub/
us-east-2,AWS Serverless Application Repository,https://aws.amazon.com/serverless/serverlessrepo/
us-east-2,AWS Service Catalog,https://aws.amazon.com/servicecatalog/
us-east-2,AWS Shield,https://aws.amazon.com/shield/
us-east-2,AWS Signer,https://docs.aws.amazon.com/signer/latest/developerguide/Welcome.html
us-east-2,AWS SimSpace Weaver,https://aws.amazon.com/simspaceweaver/
us-east-2,AWS Snowball,https://aws.amazon.com/snowball/
us-east-2,AWS Snowcone,https://aws.amazon.com/snowcone/
us-east-2,AWS Step Functions,https://aws.amazon.com/step-functions/details/
us-east-2,AWS Storage Gateway,https://aws.amazon.com/storagegateway/
us-east-2,AWS Support,https://aws.amazon.com/premiumsupport/
us-east-2,AWS Systems Manager,https://aws.amazon.com/systems-manager/
us-east-2,AWS Transfer Family,https://aws.amazon.com/aws-transfer-family/
us-east-2,AWS Transit Gateway,https://aws.amazon.com/transit-gateway/
us-east-2,AWS Trusted Advisor,https://aws.amazon.com/premiumsupport/trustedadvisor/
us-east-2,AWS User Notifications,https://aws.amazon.com/notifications/
us-east-2,AWS VPN,https://aws.amazon.com/vpn/
us-east-2,AWS Verified Access,https://aws.amazon.com/verified-access/
us-east-2,AWS WAF,https://aws.amazon.com/waf/
us-east-2,AWS Well-Architected Tool,https://aws.amazon.com/well-architected-tool
us-east-2,AWS X-Ray,https://aws.amazon.com/xray/
us-east-2,Amazon API Gateway,https://aws.amazon.com/api-gateway/
us-east-2,Amazon AppFlow,https://aws.amazon.com/appflow/
us-east-2,Amazon AppStream 2.0,https://aws.amazon.com/appstream2/
us-east-2,Amazon Application Recovery Controller,https://aws.amazon.com/application-recovery-controller/
us-east-2,Amazon Athena,https://aws.amazon.com/athena/
us-east-2,Amazon Augmented AI (A2I),https://aws.amazon.com/augmented-ai/
us-east-2,Amazon Aurora,https://aws.amazon.com/rds/aurora/
us-east-2,Amazon Bedrock,https://aws.amazon.com/bedrock/
us-east-2,Amazon Chime,https://chime.aws/
us-east-2,Amazon Chime SDK,https://aws.amazon.com/chime/chime-sdk/
us-east-2,Amazon Cloud Directory,https://aws.amazon.com/cloud-directory/
us-east-2,Amazon CloudFront,https://aws.amazon.com/cloudfront/
us-east-2,Amazon CloudWatch,https://aws.amazon.com/cloudwatch/
us-east-2,Amazon CloudWatch Logs,https://aws.amazon.com/cloudwatch/
us-east-2,Amazon CodeGuru,https://aws.amazon.com/codeguru/
us-east-2,Amazon Cognito,https://aws.amazon.com/cognito/
us-east-2,Amazon Comprehend,https://aws.amazon.com/comprehend/
us-east-2,Amazon Comprehend Medical,https://aws.amazon.com/comprehend/medical/
us-east-2,Amazon Data Firehose,https://aws.amazon.com/firehose/
us-east-2,Amazon DataZone,https://aws.amazon.com/datazone/
us-east-2,Amazon Detective,https://aws.amazon.com/detective/
us-east-2,Amazon DevOps Guru,https://aws.amazon.com/devops-guru/
us-east-2,Amazon DocumentDB (with MongoDB compatibility),https://aws.amazon.com/documentdb/
us-east-2,Amazon DynamoDB,https://aws.amazon.com/dynamodb/
us-east-2,Amazon DynamoDB Accelerator,https://aws.amazon.com/dynamodb/dax/
us-east-2,Amazon EC2 Auto Scaling,https://aws.amazon.com/ec2/autoscaling/
us-east-2,Amazon ElastiCache,https://aws.amazon.com/elasticache/
us-east-2,Amazon Elastic Block Store (EBS),https://aws.amazon.com/ebs/
us-east-2,Amazon Elastic Compute Cloud (EC2),https://aws.amazon.com/ec2/
us-east-2,Amazon Elastic Container Registry (ECR),https://aws.amazon.com/ecr/
us-east-2,Amazon Elastic Container Service (ECS),https://aws.amazon.com/ecs/
us-east-2,Amazon Elastic File System (EFS),https://aws.amazon.com/efs/
us-east-2,Amazon Elastic Inference,https://aws.amazon.com/elastic-inference/
us-east-2,Amazon Elastic Kubernetes Service (EKS),https://aws.amazon.com/eks
us-east-2,Amazon Elastic MapReduce (EMR),https://aws.amazon.com/emr/
us-east-2,Amazon EventBridge,https://aws.amazon.com/eventbridge/
us-east-2,Amazon FSx,https://aws.amazon.com/fsx/
us-east-2,Amazon FSx for Lustre,https://aws.amazon.com/fsx/lustre/
us-east-2,Amazon FSx for NetApp ONTAP,https://aws.amazon.com/fsx/netapp-ontap
us-east-2,Amazon FSx for OpenZFS,https://aws.amazon.com/fsx/openzfs
us-east-2,Amazon FSx for Windows File Server,https://aws.amazon.com/fsx/windows/
us-east-2,Amazon File Cache,https://aws.amazon.com/filecache/
us-east-2,Amazon FinSpace,https://aws.amazon.com/finspace/
us-east-2,Amazon Forecast,https://aws.amazon.com/forecast/
us-east-2,Amazon Fraud Detector,https://aws.amazon.com/fraud-detector/
us-east-2,Amazon GameLift,https://aws.amazon.com/gamelift/
us-east-2,Amazon GuardDuty,https://aws.amazon.com/guardduty/
us-east-2,Amazon Inspector,https://aws.amazon.com/inspector/
us-east-2,Amazon Inspector Classic,https://docs.aws.amazon.com/inspector/v1/userguide/inspector_introduction.html
us-east-2,Amazon Kendra,https://aws.amazon.com/kendra/
us-east-2,Amazon Keyspaces (for Apache Cassandra),https://aws.amazon.com/keyspaces/
us-east-2,Amazon Kinesis Data Streams,https://aws.amazon.com/kinesis/streams/
us-east-2,Amazon Kinesis Video Streams,https://aws.amazon.com/kinesis/video-streams/
us-east-2,Amazon Lightsail,https://amazonlightsail.com/
us-east-2,Amazon Location Service,https://aws.amazon.com/location
us-east-2,Amazon Lookout for Metrics,https://aws.amazon.com/lookout-for-metrics/
us-east-2,Amazon Lookout for Vision,https://aws.amazon.com/lookout-for-vision/
us-east-2,Amazon Lumberyard,https://aws.amazon.com/lumberyard/
us-east-2,Amazon MQ,https://aws.amazon.com/amazon-mq/
us-east-2,Amazon Macie,https://aws.amazon.com/macie/
us-east-2,Amazon Managed Grafana,https://aws.amazon.com/grafana/
us-east-2,Amazon Managed Service for Apache Flink,https://aws.amazon.com/managed-service-apache-flink/
us-east-2,Amazon Managed Service for Prometheus,https://aws.amazon.com/prometheus/
us-east-2,Amazon Managed Streaming for Apache Kafka,https://aws.amazon.com/msk/
us-east-2,Amazon Managed Workflows for Apache Airflow,https://aws.amazon.com/managed-workflows-for-apache-airflow/
us-east-2,Amazon MemoryDB,https://aws.amazon.com/memorydb
us-east-2,Amazon Neptune,https://aws.amazon.com/neptune/
us-east-2,Amazon Nimble Studio,https://aws.amazon.com/nimble-studio/
us-east-2,Amazon OpenSearch Service,https://aws.amazon.com/opensearch-service/
us-east-2,Amazon Personalize,https://aws.amazon.com/personalize/
us-east-2,Amazon Pinpoint and End User Messaging,https://aws.amazon.com/end-user-messaging/amazon-pinpoint-aws-end-user-messaging-landing-page/
us-east-2,Amazon Polly,https://aws.amazon.com/polly/
us-east-2,Amazon Quantum Ledger Database (QLDB),https://aws.amazon.com/qldb/
us-east-2,Amazon QuickSight,https://aws.amazon.com/quicksight/
us-east-2,Amazon Redshift,https://aws.amazon.com/redshift/
us-east-2,Amazon Rekognition,https://aws.amazon.com/rekognition/
us-east-2,Amazon Relational Database Service (RDS),https://aws.amazon.com/rds/
us-east-2,Amazon Route 53,https://aws.amazon.com/route53/
us-east-2,Amazon SageMaker,https://aws.amazon.com/sagemaker/
us-east-2,Amazon Security Lake,https://aws.amazon.com/security-lake/
us-east-2,Amazon Simple Email Service (SES),https://aws.amazon.com/ses/
us-east-2,Amazon Simple Notification Service (SNS),https://aws.amazon.com/sns/
us-east-2,Amazon Simple Queue Service (SQS),https://aws.amazon.com/sqs/
us-east-2,Amazon Simple Storage Service (S3),https://aws.amazon.com/s3/
us-east-2,Amazon Simple Workflow Service (SWF),https://aws.amazon.com/swf/
us-east-2,Amazon Textract,https://aws.amazon.com/textract
us-east-2,Amazon Timestream,https://aws.amazon.com/timestream
us-east-2,Amazon Transcribe,https://aws.amazon.com/transcribe/
us-east-2,Amazon Translate,https://aws.amazon.com/translate/
us-east-2,Amazon VPC Lattice,https://aws.amazon.com/vpc/lattice/
us-east-2,Amazon Verified Permissions,https://aws.amazon.com/verified-permissions/
us-east-2,Amazon Virtual Private Cloud (VPC),https://aws.amazon.com/vpc/
us-east-2,CloudEndure Disaster Recovery,https://aws.amazon.com/cloudendure-disaster-recovery/
us-east-2,CloudEndure Migration,https://aws.amazon.com/cloudendure-migration/
us-east-2,EC2 Image Builder,https://aws.amazon.com/image-builder/
us-east-2,Elastic Load Balancing,https://aws.amazon.com/elasticloadbalancing/
us-east-2,FreeRTOS,https://aws.amazon.com/freertos/
us-east-2,Red Hat OpenShift Service on AWS (ROSA),https://aws.amazon.com/rosa/
us-east-2,VMware Cloud on AWS,https://aws.amazon.com/vmware/
us-gov-east-1,AWS Application Migration Service (MGN),https://aws.amazon.com/application-migration-service/
us-gov-east-1,AWS Artifact,https://aws.amazon.com/artifact/
us-gov-east-1,AWS Auto Scaling,https://aws.amazon.com/autoscaling/
us-gov-east-1,AWS Backup,https://aws.amazon.com/backup/
us-gov-east-1,AWS Batch,https://aws.amazon.com/batch/
us-gov-east-1,AWS Certificate Manager,https://aws.amazon.com/certificate-manager/
us-gov-east-1,AWS Cloud Control API,https://aws.amazon.com/cloudcontrolapi/
us-gov-east-1,AWS Cloud Map,https://aws.amazon.com/cloud-map/
us-gov-east-1,AWS CloudFormation,https://aws.amazon.com/cloudformation/
us-gov-east-1,AWS CloudHSM,https://aws.amazon.com/cloudhsm/
us-gov-east-1,AWS CloudShell,https://aws.amazon.com/cloudshell/
us-gov-east-1,AWS CloudTrail,https://aws.amazon.com/cloudtrail/
us-gov-east-1,AWS CodeBuild,https://aws.amazon.com/codebuild/
us-gov-east-1,AWS CodeCommit,https://aws.amazon.com/codecommit/
us-gov-east-1,AWS CodeDeploy,https://aws.amazon.com/codedeploy/
us-gov-east-1,AWS CodePipeline,https://aws.amazon.com/codepipeline/
us-gov-east-1,AWS Compute Optimizer,https://aws.amazon.com/compute-optimizer/
us-gov-east-1,AWS Config,https://aws.amazon.com/config/
us-gov-east-1,AWS Control Tower,https://aws.amazon.com/controltower
us-gov-east-1,AWS DataSync,https://aws.amazon.com/datasync
us-gov-east-1,AWS Database Migration Service,https://aws.amazon.com/dms/
us-gov-east-1,AWS Direct Connect,https://aws.amazon.com/directconnect/
us-gov-east-1,AWS Directory Service,https://aws.amazon.com/directoryservice/
us-gov-east-1,AWS Elastic Beanstalk,https://aws.amazon.com/elasticbeanstalk/
us-gov-east-1,AWS Elastic Disaster Recovery (DRS),https://aws.amazon.com/disaster-recovery/
us-gov-east-1,AWS Fargate,https://aws.amazon.com/fargate/
us-gov-east-1,AWS Fault Injection Service,https://aws.amazon.com/fis/
us-gov-east-1,AWS Firewall Manager,https://aws.amazon.com/firewall-manager/
us-gov-east-1,AWS Glue,https://aws.amazon.com/glue/
us-gov-east-1,AWS Health Dashboard,https://aws.amazon.com/premiumsupport/technology/aws-health-dashboard/
us-gov-east-1,AWS IAM Identity Center,https://aws.amazon.com/iam/identity-center/
us-gov-east-1,AWS Identity and Access Management (IAM),https://aws.amazon.com/iam
us-gov-east-1,AWS IoT Core,https://aws.amazon.com/iot/
us-gov-east-1,AWS IoT Device Defender,https://aws.amazon.com/iot-device-defender/
us-gov-east-1,AWS IoT Device Management,https://aws.amazon.com/iot-device-management/
us-gov-east-1,AWS IoT Greengrass,https://aws.amazon.com/greengrass/
us-gov-east-1,AWS Key Management Service,https://aws.amazon.com/kms/
us-gov-east-1,AWS Lake Formation,https://aws.amazon.com/lake-formation/
us-gov-east-1,AWS Lambda,https://aws.amazon.com/lambda/
us-gov-east-1,AWS Launch Wizard,https://aws.amazon.com/launchwizard/
us-gov-east-1,AWS License Manager,https://aws.amazon.com/license-manager/
us-gov-east-1,AWS Mainframe Modernization,https://aws.amazon.com/mainframe-modernization/
us-gov-east-1,AWS Managed Services,https://aws.amazon.com/managed-services/
us-gov-east-1,AWS Marketplace,https://aws.amazon.com/mp/
us-gov-east-1,AWS Network Firewall,https://aws.amazon.com/network-firewall/
us-gov-east-1,AWS Organizations,https://aws.amazon.com/organizations
us-gov-east-1,AWS Outposts,https://aws.amazon.com/outposts/
us-gov-east-1,AWS Private Certificate Authority,https://aws.amazon.com/private-ca/
us-gov-east-1,AWS PrivateLink,https://aws.amazon.com/privatelink/
us-gov-east-1,AWS Resilience Hub,https://aws.amazon.com/resilience-hub/
us-gov-east-1,AWS Resource Access Manager (RAM),https://aws.amazon.com/ram/
us-gov-east-1,AWS Resource Groups,https://docs.aws.amazon.com/ARG/index.html
us-gov-east-1,AWS Secrets Manager,https://aws.amazon.com/secrets-manager/
us-gov-east-1,AWS Security Hub,https://aws.amazon.com/security-hub/
us-gov-east-1,AWS Serverless Application Repository,https://aws.amazon.com/serverless/serverlessrepo/
us-gov-east-1,AWS Service Catalog,https://aws.amazon.com/servicecatalog/
us-gov-east-1,AWS Signer,https://docs.aws.amazon.com/signer/latest/developerguide/Welcome.html
us-gov-east-1,AWS SimSpace Weaver,https://aws.amazon.com/simspaceweaver/
us-gov-east-1,AWS Snowball,https://aws.amazon.com/snowball/
us-gov-east-1,AWS Step Functions,https://aws.amazon.com/step-functions/details/
us-gov-east-1,AWS Storage Gateway,https://aws.amazon.com/storagegateway/
us-gov-east-1,AWS Support,https://aws.amazon.com/premiumsupport/
us-gov-east-1,AWS Systems Manager,https://aws.amazon.com/systems-manager/
us-gov-east-1,AWS Transfer Family,https://aws.amazon.com/aws-transfer-family/
us-gov-east-1,AWS Transit Gateway,https://aws.amazon.com/transit-gateway/
us-gov-east-1,AWS Trusted Advisor,https://aws.amazon.com/premiumsupport/trustedadvisor/
us-gov-east-1,AWS VPN,https://aws.amazon.com/vpn/
us-gov-east-1,AWS Verified Access,https://aws.amazon.com/verified-access/
us-gov-east-1,AWS WAF,https://aws.amazon.com/waf/
us-gov-east-1,AWS Well-Architected Tool,https://aws.amazon.com/well-architected-tool
us-gov-east-1,AWS X-Ray,https://aws.amazon.com/xray/
us-gov-east-1,Amazon API Gateway,https://aws.amazon.com/api-gateway/
us-gov-east-1,Amazon AppStream 2.0,https://aws.amazon.com/appstream2/
us-gov-east-1,Amazon Application Recovery Controller,https://aws.amazon.com/application-recovery-controller/
us-gov-east-1,Amazon Athena,https://aws.amazon.com/athena/
us-gov-east-1,Amazon Aurora,https://aws.amazon.com/rds/aurora/
us-gov-east-1,Amazon Chime,https://chime.aws/
us-gov-east-1,Amazon Chime SDK,https://aws.amazon.com/chime/chime-sdk/
us-gov-east-1,Amazon CloudWatch,https://aws.amazon.com/cloudwatch/
us-gov-east-1,Amazon CloudWatch Logs,https://aws.amazon.com/cloudwatch/
us-gov-east-1,Amazon Data Firehose,https://aws.amazon.com/firehose/
us-gov-east-1,Amazon Detective,https://aws.amazon.com/detective/
us-gov-east-1,Amazon DocumentDB (with MongoDB compatibility),https://aws.amazon.com/documentdb/
us-gov-east-1,Amazon DynamoDB,https://aws.amazon.com/dynamodb/
us-gov-east-1,Amazon EC2 Auto Scaling,https://aws.amazon.com/ec2/autoscaling/
us-gov-east-1,Amazon ElastiCache,https://aws.amazon.com/elasticache/
us-gov-east-1,Amazon Elastic Block Store (EBS),https://aws.amazon.com/ebs/
us-gov-east-1,Amazon Elastic Compute Cloud (EC2),https://aws.amazon.com/ec2/
us-gov-east-1,Amazon Elastic Container Registry (ECR),https://aws.amazon.com/ecr/
us-gov-east-1,Amazon Elastic Container Service (ECS),https://aws.amazon.com/ecs/
us-gov-east-1,Amazon Elastic File System (EFS),https://aws.amazon.com/efs/
us-gov-east-1,Amazon Elastic Kubernetes Service (EKS),https://aws.amazon.com/eks
us-gov-east-1,Amazon Elastic MapReduce (EMR),https://aws.amazon.com/emr/
us-gov-east-1,Amazon EventBridge,https://aws.amazon.com/eventbridge/
us-gov-east-1,Amazon FSx,https://aws.amazon.com/fsx/
us-gov-east-1,Amazon FSx for Lustre,https://aws.amazon.com/fsx/lustre/
us-gov-east-1,Amazon FSx for NetApp ONTAP,https://aws.amazon.com/fsx/netapp-ontap
us-gov-east-1,Amazon FSx for OpenZFS,https://aws.amazon.com/fsx/openzfs
us-gov-east-1,Amazon FSx for Windows File Server,https://aws.amazon.com/fsx/windows/
us-gov-east-1,Amazon GuardDuty,https://aws.amazon.com/guardduty/
us-gov-east-1,Amazon Inspector,https://aws.amazon.com/inspector/
us-gov-east-1,Amazon Inspector Classic,https://docs.aws.amazon.com/inspector/v1/userguide/inspector_introduction.html
us-gov-east-1,Amazon Keyspaces (for Apache Cassandra),https://aws.amazon.com/keyspaces/
us-gov-east-1,Amazon Kinesis Data Streams,https://aws.amazon.com/kinesis/streams/
us-gov-east-1,Amazon Kinesis Video Streams,https://aws.amazon.com/kinesis/video-streams/
us-gov-east-1,Amazon MQ,https://aws.amazon.com/amazon-mq/
us-gov-east-1,Amazon Managed Service for Apache Flink,https://aws.amazon.com/managed-service-apache-flink/
us-gov-east-1,Amazon Managed Streaming for Apache Kafka,https://aws.amazon.com/msk/
us-gov-east-1,Amazon MemoryDB,https://aws.amazon.com/memorydb
us-gov-east-1,Amazon Neptune,https://aws.amazon.com/neptune/
us-gov-east-1,Amazon OpenSearch Service,https://aws.amazon.com/opensearch-service/
us-gov-east-1,Amazon Pinpoint and End User Messaging,https://aws.amazon.com/end-user-messaging/amazon-pinpoint-aws-end-user-messaging-landing-page/
us-gov-east-1,Amazon Redshift,https://aws.amazon.com/redshift/
us-gov-east-1,Amazon Relational Database Service (RDS),https://aws.amazon.com/rds/
us-gov-east-1,Amazon SageMaker,https://aws.amazon.com/sagemaker/
us-gov-east-1,Amazon Security Lake,https://aws.amazon.com/security-lake/
us-gov-east-1,Amazon Simple Email Service (SES),https://aws.amazon.com/ses/
us-gov-east-1,Amazon Simple Notification Service (SNS),https://aws.amazon.com/sns/
us-gov-east-1,Amazon Simple Queue Service (SQS),https://aws.amazon.com/sqs/
us-gov-east-1,Amazon Simple Storage Service (S3),https://aws.amazon.com/s3/
us-gov-east-1,Amazon Simple Workflow Service (SWF),https://aws.amazon.com/swf/
us-gov-east-1,Amazon Textract,https://aws.amazon.com/textract
us-gov-east-1,Amazon Transcribe,https://aws.amazon.com/transcribe/
us-gov-east-1,Amazon Verified Permissions,https://aws.amazon.com/verified-permissions/
us-gov-east-1,Amazon Virtual Private Cloud (VPC),https://aws.amazon.com/vpc/
us-gov-east-1,Amazon WorkSpaces,https://aws.amazon.com/workspaces/
us-gov-east-1,CloudEndure Migration,https://aws.amazon.com/cloudendure-migration/
us-gov-east-1,EC2 Image Builder,https://aws.amazon.com/image-builder/
us-gov-east-1,Elastic Load Balancing,https://aws.amazon.com/elasticloadbalancing/
us-gov-east-1,Red Hat OpenShift Service on AWS (ROSA),https://aws.amazon.com/rosa/
us-gov-east-1,VMware Cloud on AWS,https://aws.amazon.com/vmware/
us-gov-west-1,AWS Application Migration Service (MGN),https://aws.amazon.com/application-migration-service/
us-gov-west-1,AWS Artifact,https://aws.amazon.com/artifact/
us-gov-west-1,AWS Auto Scaling,https://aws.amazon.com/autoscaling/
us-gov-west-1,AWS Backup,https://aws.amazon.com/backup/
us-gov-west-1,AWS Batch,https://aws.amazon.com/batch/
us-gov-west-1,AWS Certificate Manager,https://aws.amazon.com/certificate-manager/
us-gov-west-1,AWS Cloud Control API,https://aws.amazon.com/cloudcontrolapi/
us-gov-west-1,AWS Cloud Map,https://aws.amazon.com/cloud-map/
us-gov-west-1,AWS CloudFormation,https://aws.amazon.com/cloudformation/
us-gov-west-1,AWS CloudHSM,https://aws.amazon.com/cloudhsm/
us-gov-west-1,AWS CloudShell,https://aws.amazon.com/cloudshell/
us-gov-west-1,AWS CloudTrail,https://aws.amazon.com/cloudtrail/
us-gov-west-1,AWS CodeBuild,https://aws.amazon.com/codebuild/
us-gov-west-1,AWS CodeCommit,https://aws.amazon.com/codecommit/
us-gov-west-1,AWS CodeDeploy,https://aws.amazon.com/codedeploy/
us-gov-west-1,AWS CodePipeline,https://aws.amazon.com/codepipeline/
us-gov-west-1,AWS Compute Optimizer,https://aws.amazon.com/compute-optimizer/
us-gov-west-1,AWS Config,https://aws.amazon.com/config/
us-gov-west-1,AWS Control Tower,https://aws.amazon.com/controltower
us-gov-west-1,AWS DataSync,https://aws.amazon.com/datasync
us-gov-west-1,AWS Database Migration Service,https://aws.amazon.com/dms/
us-gov-west-1,AWS Direct Connect,https://aws.amazon.com/directconnect/
us-gov-west-1,AWS Directory Service,https://aws.amazon.com/directoryservice/
us-gov-west-1,AWS Elastic Beanstalk,https://aws.amazon.com/elasticbeanstalk/
us-gov-west-1,AWS Elastic Disaster Recovery (DRS),https://aws.amazon.com/disaster-recovery/
us-gov-west-1,AWS Elemental MediaConvert,https://aws.amazon.com/mediaconvert/
us-gov-west-1,AWS Fargate,https://aws.amazon.com/fargate/
us-gov-west-1,AWS Fault Injection Service,https://aws.amazon.com/fis/
us-gov-west-1,AWS Firewall Manager,https://aws.amazon.com/firewall-manager/
us-gov-west-1,AWS Glue,https://aws.amazon.com/glue/
us-gov-west-1,AWS Health Dashboard,https://aws.amazon.com/premiumsupport/technology/aws-health-dashboard/
us-gov-west-1,AWS IAM Identity Center,https://aws.amazon.com/iam/identity-center/
us-gov-west-1,AWS Identity and Access Management (IAM),https://aws.amazon.com/iam
us-gov-west-1,AWS IoT Core,https://aws.amazon.com/iot/
us-gov-west-1,AWS IoT Device Defender,https://aws.amazon.com/iot-device-defender/
us-gov-west-1,AWS IoT Device Management,https://aws.amazon.com/iot-device-management/
us-gov-west-1,AWS IoT Events,https://aws.amazon.com/iot-events/
us-gov-west-1,AWS IoT Greengrass,https://aws.amazon.com/greengrass/
us-gov-west-1,AWS IoT SiteWise,https://aws.amazon.com/iot-sitewise/
us-gov-west-1,AWS IoT TwinMaker,https://aws.amazon.com/iot-twinmaker/
us-gov-west-1,AWS Key Management Service,https://aws.amazon.com/kms/
us-gov-west-1,AWS Lake Formation,https://aws.amazon.com/lake-formation/
us-gov-west-1,AWS Lambda,https://aws.amazon.com/lambda/
us-gov-west-1,AWS Launch Wizard,https://aws.amazon.com/launchwizard/
us-gov-west-1,AWS License Manager,https://aws.amazon.com/license-manager/
us-gov-west-1,AWS Mainframe Modernization,https://aws.amazon.com/mainframe-modernization/
us-gov-west-1,AWS Managed Services,https://aws.amazon.com/managed-services/
us-gov-west-1,AWS Marketplace,https://aws.amazon.com/mp/
us-gov-west-1,AWS Network Firewall,https://aws.amazon.com/network-firewall/
us-gov-west-1,AWS Organizations,https://aws.amazon.com/organizations
us-gov-west-1,AWS Outposts,https://aws.amazon.com/outposts/
us-gov-west-1,AWS Private Certificate Authority,https://aws.amazon.com/private-ca/
us-gov-west-1,AWS PrivateLink,https://aws.amazon.com/privatelink/
us-gov-west-1,AWS Resilience Hub,https://aws.amazon.com/resilience-hub/
us-gov-west-1,AWS Resource Access Manager (RAM),https://aws.amazon.com/ram/
us-gov-west-1,AWS Resource Groups,https://docs.aws.amazon.com/ARG/index.html
us-gov-west-1,AWS RoboMaker,https://aws.amazon.com/robomaker/
us-gov-west-1,AWS Secrets Manager,https://aws.amazon.com/secrets-manager/
us-gov-west-1,AWS Security Hub,https://aws.amazon.com/security-hub/
us-gov-west-1,AWS Server Migration Service (SMS),https://aws.amazon.com/server-migration-service/
us-gov-west-1,AWS Serverless Application Repository,https://aws.amazon.com/serverless/serverlessrepo/
us-gov-west-1,AWS Service Catalog,https://aws.amazon.com/servicecatalog/
us-gov-west-1,AWS Signer,https://docs.aws.amazon.com/signer/latest/developerguide/Welcome.html
us-gov-west-1,AWS SimSpace Weaver,https://aws.amazon.com/simspaceweaver/
us-gov-west-1,AWS Snowball,https://aws.amazon.com/snowball/
us-gov-west-1,AWS Step Functions,https://aws.amazon.com/step-functions/details/
us-gov-west-1,AWS Storage Gateway,https://aws.amazon.com/storagegateway/
us-gov-west-1,AWS Support,https://aws.amazon.com/premiumsupport/
us-gov-west-1,AWS Systems Manager,https://aws.amazon.com/systems-manager/
us-gov-west-1,AWS Transfer Family,https://aws.amazon.com/aws-transfer-family/
us-gov-west-1,AWS Transit Gateway,https://aws.amazon.com/transit-gateway/
us-gov-west-1,AWS Trusted Advisor,https://aws.amazon.com/premiumsupport/trustedadvisor/
us-gov-west-1,AWS VPN,https://aws.amazon.com/vpn/
us-gov-west-1,AWS Verified Access,https://aws.amazon.com/verified-access/
us-gov-west-1,AWS WAF,https://aws.amazon.com/waf/
us-gov-west-1,AWS Well-Architected Tool,https://aws.amazon.com/well-architected-tool
us-gov-west-1,AWS Wickr,https://aws.amazon.com/wickr/
us-gov-west-1,AWS X-Ray,https://aws.amazon.com/xray/
us-gov-west-1,Amazon API Gateway,https://aws.amazon.com/api-gateway/
us-gov-west-1,Amazon AppStream 2.0,https://aws.amazon.com/appstream2/
us-gov-west-1,Amazon Application Recovery Controller,https://aws.amazon.com/application-recovery-controller/
us-gov-west-1,Amazon Athena,https://aws.amazon.com/athena/
us-gov-west-1,Amazon Aurora,https://aws.amazon.com/rds/aurora/
us-gov-west-1,Amazon Bedrock,https://aws.amazon.com/bedrock/
us-gov-west-1,Amazon Chime,https://chime.aws/
us-gov-west-1,Amazon Chime SDK,https://aws.amazon.com/chime/chime-sdk/
us-gov-west-1,Amazon Cloud Directory,https://aws.amazon.com/cloud-directory/
us-gov-west-1,Amazon CloudWatch,https://aws.amazon.com/cloudwatch/
us-gov-west-1,Amazon CloudWatch Logs,https://aws.amazon.com/cloudwatch/
us-gov-west-1,Amazon Cognito,https://aws.amazon.com/cognito/
us-gov-west-1,Amazon Comprehend,https://aws.amazon.com/comprehend/
us-gov-west-1,Amazon Comprehend Medical,https://aws.amazon.com/comprehend/medical/
us-gov-west-1,Amazon Connect,https://aws.amazon.com/connect/
us-gov-west-1,Amazon Data Firehose,https://aws.amazon.com/firehose/
us-gov-west-1,Amazon Detective,https://aws.amazon.com/detective/
us-gov-west-1,Amazon DocumentDB (with MongoDB compatibility),https://aws.amazon.com/documentdb/
us-gov-west-1,Amazon DynamoDB,https://aws.amazon.com/dynamodb/
us-gov-west-1,Amazon EC2 Auto Scaling,https://aws.amazon.com/ec2/autoscaling/
us-gov-west-1,Amazon ElastiCache,https://aws.amazon.com/elasticache/
us-gov-west-1,Amazon Elastic Block Store (EBS),https://aws.amazon.com/ebs/
us-gov-west-1,Amazon Elastic Compute Cloud (EC2),https://aws.amazon.com/ec2/
us-gov-west-1,Amazon Elastic Container Registry (ECR),https://aws.amazon.com/ecr/
us-gov-west-1,Amazon Elastic Container Service (ECS),https://aws.amazon.com/ecs/
us-gov-west-1,Amazon Elastic File System (EFS),https://aws.amazon.com/efs/
us-gov-west-1,Amazon Elastic Kubernetes Service (EKS),https://aws.amazon.com/eks
us-gov-west-1,Amazon Elastic MapReduce (EMR),https://aws.amazon.com/emr/
us-gov-west-1,Amazon EventBridge,https://aws.amazon.com/eventbridge/
us-gov-west-1,Amazon FSx,https://aws.amazon.com/fsx/
us-gov-west-1,Amazon FSx for Lustre,https://aws.amazon.com/fsx/lustre/
us-gov-west-1,Amazon FSx for NetApp ONTAP,https://aws.amazon.com/fsx/netapp-ontap
us-gov-west-1,Amazon FSx for OpenZFS,https://aws.amazon.com/fsx/openzfs
us-gov-west-1,Amazon FSx for Windows File Server,https://aws.amazon.com/fsx/windows/
us-gov-west-1,Amazon GuardDuty,https://aws.amazon.com/guardduty/
us-gov-west-1,Amazon Inspector,https://aws.amazon.com/inspector/
us-gov-west-1,Amazon Inspector Classic,https://docs.aws.amazon.com/inspector/v1/userguide/inspector_introduction.html
us-gov-west-1,Amazon Kendra,https://aws.amazon.com/kendra/
us-gov-west-1,Amazon Keyspaces (for Apache Cassandra),https://aws.amazon.com/keyspaces/
us-gov-west-1,Amazon Kinesis Data Streams,https://aws.amazon.com/kinesis/streams/
us-gov-west-1,Amazon Kinesis Video Streams,https://aws.amazon.com/kinesis/video-streams/
us-gov-west-1,Amazon Lex,https://aws.amazon.com/lex/
us-gov-west-1,Amazon Location Service,https://aws.amazon.com/location
us-gov-west-1,Amazon MQ,https://aws.amazon.com/amazon-mq/
us-gov-west-1,Amazon Managed Blockchain,https://aws.amazon.com/managed-blockchain/
us-gov-west-1,Amazon Managed Service for Apache Flink,https://aws.amazon.com/managed-service-apache-flink/
us-gov-west-1,Amazon Managed Streaming for Apache Kafka,https://aws.amazon.com/msk/
us-gov-west-1,Amazon MemoryDB,https://aws.amazon.com/memorydb
us-gov-west-1,Amazon Neptune,https://aws.amazon.com/neptune/
us-gov-west-1,Amazon OpenSearch Service,https://aws.amazon.com/opensearch-service/
us-gov-west-1,Amazon Pinpoint and End User Messaging,https://aws.amazon.com/end-user-messaging/amazon-pinpoint-aws-end-user-messaging-landing-page/
us-gov-west-1,Amazon Polly,https://aws.amazon.com/polly/
us-gov-west-1,Amazon QuickSight,https://aws.amazon.com/quicksight/
us-gov-west-1,Amazon Redshift,https://aws.amazon.com/redshift/
us-gov-west-1,Amazon Rekognition,https://aws.amazon.com/rekognition/
us-gov-west-1,Amazon Relational Database Service (RDS),https://aws.amazon.com/rds/
us-gov-west-1,Amazon SageMaker,https://aws.amazon.com/sagemaker/
us-gov-west-1,Amazon Security Lake,https://aws.amazon.com/security-lake/
us-gov-west-1,Amazon Simple Email Service (SES),https://aws.amazon.com/ses/
us-gov-west-1,Amazon Simple Notification Service (SNS),https://aws.amazon.com/sns/
us-gov-west-1,Amazon Simple Queue Service (SQS),https://aws.amazon.com/sqs/
us-gov-west-1,Amazon Simple Storage Service (S3),https://aws.amazon.com/s3/
us-gov-west-1,Amazon Simple Workflow Service (SWF),https://aws.amazon.com/swf/
us-gov-west-1,Amazon Textract,https://aws.amazon.com/textract
us-gov-west-1,Amazon Timestream,https://aws.amazon.com/timestream
us-gov-west-1,Amazon Transcribe,https://aws.amazon.com/transcribe/
us-gov-west-1,Amazon Translate,https://aws.amazon.com/translate/
us-gov-west-1,Amazon Verified Permissions,https://aws.amazon.com/verified-permissions/
us-gov-west-1,Amazon Virtual Private Cloud (VPC),https://aws.amazon.com/vpc/
us-gov-west-1,Amazon WorkSpaces,https://aws.amazon.com/workspaces/
us-gov-west-1,CloudEndure Migration,https://aws.amazon.com/cloudendure-migration/
us-gov-west-1,EC2 Image Builder,https://aws.amazon.com/image-builder/
us-gov-west-1,Elastic Load Balancing,https://aws.amazon.com/elasticloadbalancing/
us-gov-west-1,Red Hat OpenShift Service on AWS (ROSA),https://aws.amazon.com/rosa/
us-gov-west-1,VMware Cloud on AWS,https://aws.amazon.com/vmware/
us-west-1,AWS Amplify,https://aws.amazon.com/amplify/
us-west-1,AWS App Mesh,https://aws.amazon.com/app-mesh/
us-west-1,AWS AppSync,https://aws.amazon.com/appsync/
us-west-1,AWS Application Migration Service (MGN),https://aws.amazon.com/application-migration-service/
us-west-1,AWS Artifact,https://aws.amazon.com/artifact/
us-west-1,AWS Audit Manager,https://aws.amazon.com/audit-manager/
us-west-1,AWS Auto Scaling,https://aws.amazon.com/autoscaling/
us-west-1,AWS Backup,https://aws.amazon.com/backup/
us-west-1,AWS Batch,https://aws.amazon.com/batch/
us-west-1,AWS Budgets,https://aws.amazon.com/aws-cost-management/aws-budgets/
us-west-1,AWS Certificate Manager,https://aws.amazon.com/certificate-manager/
us-west-1,AWS Chatbot,https://aws.amazon.com/chatbot/
us-west-1,AWS Cloud Control API,https://aws.amazon.com/cloudcontrolapi/
us-west-1,AWS Cloud Map,https://aws.amazon.com/cloud-map/
us-west-1,AWS Cloud9,https://aws.amazon.com/cloud9/
us-west-1,AWS CloudFormation,https://aws.amazon.com/cloudformation/
us-west-1,AWS CloudHSM,https://aws.amazon.com/cloudhsm/
us-west-1,AWS CloudShell,https://aws.amazon.com/cloudshell/
us-west-1,AWS CloudTrail,https://aws.amazon.com/cloudtrail/
us-west-1,AWS CodeBuild,https://aws.amazon.com/codebuild/
us-west-1,AWS CodeCommit,https://aws.amazon.com/codecommit/
us-west-1,AWS CodeDeploy,https://aws.amazon.com/codedeploy/
us-west-1,AWS CodePipeline,https://aws.amazon.com/codepipeline/
us-west-1,AWS Compute Optimizer,https://aws.amazon.com/compute-optimizer/
us-west-1,AWS Config,https://aws.amazon.com/config/
us-west-1,AWS Control Tower,https://aws.amazon.com/controltower
us-west-1,AWS Data Exchange,https://aws.amazon.com/data-exchange/
us-west-1,AWS DataSync,https://aws.amazon.com/datasync
us-west-1,AWS Database Migration Service,https://aws.amazon.com/dms/
us-west-1,AWS Direct Connect,https://aws.amazon.com/directconnect/
us-west-1,AWS Directory Service,https://aws.amazon.com/directoryservice/
us-west-1,AWS Elastic Beanstalk,https://aws.amazon.com/elasticbeanstalk/
us-west-1,AWS Elastic Disaster Recovery (DRS),https://aws.amazon.com/disaster-recovery/
us-west-1,AWS Elemental MediaConnect,https://aws.amazon.com/mediaconnect
us-west-1,AWS Elemental MediaConvert,https://aws.amazon.com/mediaconvert/
us-west-1,AWS Elemental MediaPackage,https://aws.amazon.com/mediapackage/
us-west-1,AWS Fargate,https://aws.amazon.com/fargate/
us-west-1,AWS Fault Injection Service,https://aws.amazon.com/fis/
us-west-1,AWS Firewall Manager,https://aws.amazon.com/firewall-manager/
us-west-1,AWS Global Accelerator,https://aws.amazon.com/global-accelerator
us-west-1,AWS Glue,https://aws.amazon.com/glue/
us-west-1,AWS Health Dashboard,https://aws.amazon.com/premiumsupport/technology/aws-health-dashboard/
us-west-1,AWS IAM Identity Center,https://aws.amazon.com/iam/identity-center/
us-west-1,AWS IQ,https://aws.amazon.com/iq/
us-west-1,AWS Identity and Access Management (IAM),https://aws.amazon.com/iam
us-west-1,AWS IoT Core,https://aws.amazon.com/iot/
us-west-1,AWS IoT Device Defender,https://aws.amazon.com/iot-device-defender/
us-west-1,AWS IoT Device Management,https://aws.amazon.com/iot-device-management/
us-west-1,AWS Key Management Service,https://aws.amazon.com/kms/
us-west-1,AWS Lake Formation,https://aws.amazon.com/lake-formation/
us-west-1,AWS Lambda,https://aws.amazon.com/lambda/
us-west-1,AWS Launch Wizard,https://aws.amazon.com/launchwizard/
us-west-1,AWS License Manager,https://aws.amazon.com/license-manager/
us-west-1,AWS Mainframe Modernization,https://aws.amazon.com/mainframe-modernization/
us-west-1,AWS Managed Services,https://aws.amazon.com/managed-services/
us-west-1,AWS Marketplace,https://aws.amazon.com/mp/
us-west-1,AWS Network Firewall,https://aws.amazon.com/network-firewall/
us-west-1,AWS OpsWorks Stacks,https://aws.amazon.com/opsworks/stacks/
us-west-1,AWS OpsWorks for Chef Automate,https://aws.amazon.com/opsworks/chefautomate/
us-west-1,AWS OpsWorks for Puppet Enterprise,https://aws.amazon.com/opsworks/puppetenterprise/
us-west-1,AWS Organizations,https://aws.amazon.com/organizations
us-west-1,AWS Outposts,https://aws.amazon.com/outposts/
us-west-1,AWS Private Certificate Authority,https://aws.amazon.com/private-ca/
us-west-1,AWS PrivateLink,https://aws.amazon.com/privatelink/
us-west-1,AWS Resilience Hub,https://aws.amazon.com/resilience-hub/
us-west-1,AWS Resource Access Manager (RAM),https://aws.amazon.com/ram/
us-west-1,AWS Resource Explorer,https://aws.amazon.com/resourceexplorer/
us-west-1,AWS Resource Groups,https://docs.aws.amazon.com/ARG/index.html
us-west-1,AWS Secrets Manager,https://aws.amazon.com/secrets-manager/
us-west-1,AWS Security Hub,https://aws.amazon.com/security-hub/
us-west-1,AWS Serverless Application Repository,https://aws.amazon.com/serverless/serverlessrepo/
us-west-1,AWS Service Catalog,https://aws.amazon.com/servicecatalog/
us-west-1,AWS Shield,https://aws.amazon.com/shield/
us-west-1,AWS Signer,https://docs.aws.amazon.com/signer/latest/developerguide/Welcome.html
us-west-1,AWS Snowball,https://aws.amazon.com/snowball/
us-west-1,AWS Snowcone,https://aws.amazon.com/snowcone/
us-west-1,AWS Step Functions,https://aws.amazon.com/step-functions/details/
us-west-1,AWS Storage Gateway,https://aws.amazon.com/storagegateway/
us-west-1,AWS Support,https://aws.amazon.com/premiumsupport/
us-west-1,AWS Systems Manager,https://aws.amazon.com/systems-manager/
us-west-1,AWS Transfer Family,https://aws.amazon.com/aws-transfer-family/
us-west-1,AWS Transit Gateway,https://aws.amazon.com/transit-gateway/
us-west-1,AWS Trusted Advisor,https://aws.amazon.com/premiumsupport/trustedadvisor/
us-west-1,AWS User Notifications,https://aws.amazon.com/notifications/
us-west-1,AWS VPN,https://aws.amazon.com/vpn/
us-west-1,AWS Verified Access,https://aws.amazon.com/verified-access/
us-west-1,AWS WAF,https://aws.amazon.com/waf/
us-west-1,AWS Well-Architected Tool,https://aws.amazon.com/well-architected-tool
us-west-1,AWS X-Ray,https://aws.amazon.com/xray/
us-west-1,Amazon API Gateway,https://aws.amazon.com/api-gateway/
us-west-1,Amazon AppFlow,https://aws.amazon.com/appflow/
us-west-1,Amazon Application Recovery Controller,https://aws.amazon.com/application-recovery-controller/
us-west-1,Amazon Athena,https://aws.amazon.com/athena/
us-west-1,Amazon Aurora,https://aws.amazon.com/rds/aurora/
us-west-1,Amazon Braket,https://aws.amazon.com/braket/
us-west-1,Amazon Chime,https://chime.aws/
us-west-1,Amazon Chime SDK,https://aws.amazon.com/chime/chime-sdk/
us-west-1,Amazon CloudFront,https://aws.amazon.com/cloudfront/
us-west-1,Amazon CloudSearch,https://aws.amazon.com/cloudsearch/
us-west-1,Amazon CloudWatch,https://aws.amazon.com/cloudwatch/
us-west-1,Amazon CloudWatch Logs,https://aws.amazon.com/cloudwatch/
us-west-1,Amazon Cognito,https://aws.amazon.com/cognito/
us-west-1,Amazon Data Firehose,https://aws.amazon.com/firehose/
us-west-1,Amazon Detective,https://aws.amazon.com/detective/
us-west-1,Amazon DevOps Guru,https://aws.amazon.com/devops-guru/
us-west-1,Amazon DynamoDB,https://aws.amazon.com/dynamodb/
us-west-1,Amazon DynamoDB Accelerator,https://aws.amazon.com/dynamodb/dax/
us-west-1,Amazon EC2 Auto Scaling,https://aws.amazon.com/ec2/autoscaling/
us-west-1,Amazon ElastiCache,https://aws.amazon.com/elasticache/
us-west-1,Amazon Elastic Block Store (EBS),https://aws.amazon.com/ebs/
us-west-1,Amazon Elastic Compute Cloud (EC2),https://aws.amazon.com/ec2/
us-west-1,Amazon Elastic Container Registry (ECR),https://aws.amazon.com/ecr/
us-west-1,Amazon Elastic Container Service (ECS),https://aws.amazon.com/ecs/
us-west-1,Amazon Elastic File System (EFS),https://aws.amazon.com/efs/
us-west-1,Amazon Elastic Kubernetes Service (EKS),https://aws.amazon.com/eks
us-west-1,Amazon Elastic MapReduce (EMR),https://aws.amazon.com/emr/
us-west-1,Amazon Elastic Transcoder,https://aws.amazon.com/elastictranscoder/
us-west-1,Amazon EventBridge,https://aws.amazon.com/eventbridge/
us-west-1,Amazon FSx,https://aws.amazon.com/fsx/
us-west-1,Amazon FSx for Lustre,https://aws.amazon.com/fsx/lustre/
us-west-1,Amazon FSx for NetApp ONTAP,https://aws.amazon.com/fsx/netapp-ontap
us-west-1,Amazon FSx for OpenZFS,https://aws.amazon.com/fsx/openzfs
us-west-1,Amazon FSx for Windows File Server,https://aws.amazon.com/fsx/windows/
us-west-1,Amazon GameLift,https://aws.amazon.com/gamelift/
us-west-1,Amazon GuardDuty,https://aws.amazon.com/guardduty/
us-west-1,Amazon Inspector,https://aws.amazon.com/inspector/
us-west-1,Amazon Inspector Classic,https://docs.aws.amazon.com/inspector/v1/userguide/inspector_introduction.html
us-west-1,Amazon Keyspaces (for Apache Cassandra),https://aws.amazon.com/keyspaces/
us-west-1,Amazon Kinesis Data Streams,https://aws.amazon.com/kinesis/streams/
us-west-1,Amazon Lumberyard,https://aws.amazon.com/lumberyard/
us-west-1,Amazon MQ,https://aws.amazon.com/amazon-mq/
us-west-1,Amazon Macie,https://aws.amazon.com/macie/
us-west-1,Amazon Managed Service for Apache Flink,https://aws.amazon.com/managed-service-apache-flink/
us-west-1,Amazon Managed Streaming for Apache Kafka,https://aws.amazon.com/msk/
us-west-1,Amazon Managed Workflows for Apache Airflow,https://aws.amazon.com/managed-workflows-for-apache-airflow/
us-west-1,Amazon MemoryDB,https://aws.amazon.com/memorydb
us-west-1,Amazon Neptune,https://aws.amazon.com/neptune/
us-west-1,Amazon OpenSearch Service,https://aws.amazon.com/opensearch-service/
us-west-1,Amazon Pinpoint and End User Messaging,https://aws.amazon.com/end-user-messaging/amazon-pinpoint-aws-end-user-messaging-landing-page/
us-west-1,Amazon Polly,https://aws.amazon.com/polly/
us-west-1,Amazon Redshift,https://aws.amazon.com/redshift/
us-west-1,Amazon Rekognition,https://aws.amazon.com/rekognition/
us-west-1,Amazon Relational Database Service (RDS),https://aws.amazon.com/rds/
us-west-1,Amazon Route 53,https://aws.amazon.com/route53/
us-west-1,Amazon SageMaker,https://aws.amazon.com/sagemaker/
us-west-1,Amazon Security Lake,https://aws.amazon.com/security-lake/
us-west-1,Amazon Simple Email Service (SES),https://aws.amazon.com/ses/
us-west-1,Amazon Simple Notification Service (SNS),https://aws.amazon.com/sns/
us-west-1,Amazon Simple Queue Service (SQS),https://aws.amazon.com/sqs/
us-west-1,Amazon Simple Storage Service (S3),https://aws.amazon.com/s3/
us-west-1,Amazon Simple Workflow Service (SWF),https://aws.amazon.com/swf/
us-west-1,Amazon SimpleDB,https://aws.amazon.com/simpledb/
us-west-1,Amazon Textract,https://aws.amazon.com/textract
us-west-1,Amazon Transcribe,https://aws.amazon.com/transcribe/
us-west-1,Amazon Translate,https://aws.amazon.com/translate/
us-west-1,Amazon VPC Lattice,https://aws.amazon.com/vpc/lattice/
us-west-1,Amazon Verified Permissions,https://aws.amazon.com/verified-permissions/
us-west-1,Amazon Virtual Private Cloud (VPC),https://aws.amazon.com/vpc/
us-west-1,CloudEndure Disaster Recovery,https://aws.amazon.com/cloudendure-disaster-recovery/
us-west-1,CloudEndure Migration,https://aws.amazon.com/cloudendure-migration/
us-west-1,EC2 Image Builder,https://aws.amazon.com/image-builder/
us-west-1,Elastic Load Balancing,https://aws.amazon.com/elasticloadbalancing/
us-west-1,FreeRTOS,https://aws.amazon.com/freertos/
us-west-1,Red Hat OpenShift Service on AWS (ROSA),https://aws.amazon.com/rosa/
us-west-1,VMware Cloud on AWS,https://aws.amazon.com/vmware/
us-west-2,AWS Amplify,https://aws.amazon.com/amplify/
us-west-2,AWS App Mesh,https://aws.amazon.com/app-mesh/
us-west-2,AWS App Runner,https://aws.amazon.com/apprunner/
us-west-2,AWS AppSync,https://aws.amazon.com/appsync/
us-west-2,AWS Application Discovery Service,https://aws.amazon.com/application-discovery/
us-west-2,AWS Application Migration Service (MGN),https://aws.amazon.com/application-migration-service/
us-west-2,AWS Artifact,https://aws.amazon.com/artifact/
us-west-2,AWS Audit Manager,https://aws.amazon.com/audit-manager/
us-west-2,AWS Auto Scaling,https://aws.amazon.com/autoscaling/
us-west-2,AWS B2B Data Interchange,https://aws.amazon.com/b2b-data-interchange/
us-west-2,AWS Backup,https://aws.amazon.com/backup/
us-west-2,AWS Batch,https://aws.amazon.com/batch/
us-west-2,AWS Budgets,https://aws.amazon.com/aws-cost-management/aws-budgets/
us-west-2,AWS Certificate Manager,https://aws.amazon.com/certificate-manager/
us-west-2,AWS Chatbot,https://aws.amazon.com/chatbot/
us-west-2,AWS Clean Rooms,https://aws.amazon.com/clean-rooms/
us-west-2,AWS Cloud Control API,https://aws.amazon.com/cloudcontrolapi/
us-west-2,AWS Cloud Map,https://aws.amazon.com/cloud-map/
us-west-2,AWS Cloud9,https://aws.amazon.com/cloud9/
us-west-2,AWS CloudFormation,https://aws.amazon.com/cloudformation/
us-west-2,AWS CloudHSM,https://aws.amazon.com/cloudhsm/
us-west-2,AWS CloudShell,https://aws.amazon.com/cloudshell/
us-west-2,AWS CloudTrail,https://aws.amazon.com/cloudtrail/
us-west-2,AWS CodeArtifact,https://aws.amazon.com/codeartifact
us-west-2,AWS CodeBuild,https://aws.amazon.com/codebuild/
us-west-2,AWS CodeCommit,https://aws.amazon.com/codecommit/
us-west-2,AWS CodeDeploy,https://aws.amazon.com/codedeploy/
us-west-2,AWS CodePipeline,https://aws.amazon.com/codepipeline/
us-west-2,AWS Compute Optimizer,https://aws.amazon.com/compute-optimizer/
us-west-2,AWS Config,https://aws.amazon.com/config/
us-west-2,AWS Control Tower,https://aws.amazon.com/controltower
us-west-2,AWS Data Exchange,https://aws.amazon.com/data-exchange/
us-west-2,AWS Data Pipeline,https://aws.amazon.com/datapipeline/
us-west-2,AWS DataSync,https://aws.amazon.com/datasync
us-west-2,AWS Database Migration Service,https://aws.amazon.com/dms/
us-west-2,AWS Deadline Cloud,https://aws.amazon.com/deadline-cloud/
us-west-2,AWS Device Farm,https://aws.amazon.com/device-farm/
us-west-2,AWS Direct Connect,https://aws.amazon.com/directconnect/
us-west-2,AWS Directory Service,https://aws.amazon.com/directoryservice/
us-west-2,AWS Elastic Beanstalk,https://aws.amazon.com/elasticbeanstalk/
us-west-2,AWS Elastic Disaster Recovery (DRS),https://aws.amazon.com/disaster-recovery/
us-west-2,AWS Elemental MediaConnect,https://aws.amazon.com/mediaconnect
us-west-2,AWS Elemental MediaConvert,https://aws.amazon.com/mediaconvert/
us-west-2,AWS Elemental MediaLive,https://aws.amazon.com/medialive/
us-west-2,AWS Elemental MediaPackage,https://aws.amazon.com/mediapackage/
us-west-2,AWS Elemental MediaStore,https://aws.amazon.com/mediastore/
us-west-2,AWS Elemental MediaTailor,https://aws.amazon.com/mediatailor/
us-west-2,AWS Entity Resolution,https://aws.amazon.com/entity-resolution
us-west-2,AWS Fargate,https://aws.amazon.com/fargate/
us-west-2,AWS Fault Injection Service,https://aws.amazon.com/fis/
us-west-2,AWS Firewall Manager,https://aws.amazon.com/firewall-manager/
us-west-2,AWS Global Accelerator,https://aws.amazon.com/global-accelerator
us-west-2,AWS Glue,https://aws.amazon.com/glue/
us-west-2,AWS Ground Station,https://aws.amazon.com/ground-station/
us-west-2,AWS Health Dashboard,https://aws.amazon.com/premiumsupport/technology/aws-health-dashboard/
us-west-2,AWS HealthImaging,https://aws.amazon.com/healthimaging/
us-west-2,AWS HealthLake,https://aws.amazon.com/healthlake/
us-west-2,AWS HealthOmics,https://aws.amazon.com/healthomics/
us-west-2,AWS IAM Identity Center,https://aws.amazon.com/iam/identity-center/
us-west-2,AWS IQ,https://aws.amazon.com/iq/
us-west-2,AWS Identity and Access Management (IAM),https://aws.amazon.com/iam
us-west-2,AWS IoT 1-Click,https://aws.amazon.com/iot-1-click/
us-west-2,AWS IoT Analytics,https://aws.amazon.com/iot-analytics/
us-west-2,AWS IoT Core,https://aws.amazon.com/iot/
us-west-2,AWS IoT Device Defender,https://aws.amazon.com/iot-device-defender/
us-west-2,AWS IoT Device Management,https://aws.amazon.com/iot-device-management/
us-west-2,AWS IoT Events,https://aws.amazon.com/iot-events/
us-west-2,AWS IoT Greengrass,https://aws.amazon.com/greengrass/
us-west-2,AWS IoT SiteWise,https://aws.amazon.com/iot-sitewise/
us-west-2,AWS IoT TwinMaker,https://aws.amazon.com/iot-twinmaker/
us-west-2,AWS Key Management Service,https://aws.amazon.com/kms/
us-west-2,AWS Lake Formation,https://aws.amazon.com/lake-formation/
us-west-2,AWS Lambda,https://aws.amazon.com/lambda/
us-west-2,AWS Launch Wizard,https://aws.amazon.com/launchwizard/
us-west-2,AWS License Manager,https://aws.amazon.com/license-manager/
us-west-2,AWS Mainframe Modernization,https://aws.amazon.com/mainframe-modernization/
us-west-2,AWS Managed Services,https://aws.amazon.com/managed-services/
us-west-2,AWS Marketplace,https://aws.amazon.com/mp/
us-west-2,AWS Migration Hub,https://aws.amazon.com/migration-hub/
us-west-2,AWS Network Firewall,https://aws.amazon.com/network-firewall/
us-west-2,AWS OpsWorks Stacks,https://aws.amazon.com/opsworks/stacks/
us-west-2,AWS OpsWorks for Chef Automate,https://aws.amazon.com/opsworks/chefautomate/
us-west-2,AWS OpsWorks for Puppet Enterprise,https://aws.amazon.com/opsworks/puppetenterprise/
us-west-2,AWS Organizations,https://aws.amazon.com/organizations
us-west-2,AWS Outposts,https://aws.amazon.com/outposts/
us-west-2,AWS Payment Cryptography,https://aws.amazon.com/payment-cryptography/
us-west-2,AWS Private 5G,https://aws.amazon.com/private5g/
us-west-2,AWS Private Certificate Authority,https://aws.amazon.com/private-ca/
us-west-2,AWS PrivateLink,https://aws.amazon.com/privatelink/
us-west-2,AWS Proton,https://aws.amazon.com/proton/
us-west-2,AWS Resilience Hub,https://aws.amazon.com/resilience-hub/
us-west-2,AWS Resource Access Manager (RAM),https://aws.amazon.com/ram/
us-west-2,AWS Resource Explorer,https://aws.amazon.com/resourceexplorer/
us-west-2,AWS Resource Groups,https://docs.aws.amazon.com/ARG/index.html
us-west-2,AWS RoboMaker,https://aws.amazon.com/robomaker/
us-west-2,AWS Secrets Manager,https://aws.amazon.com/secrets-manager/
us-west-2,AWS Security Hub,https://aws.amazon.com/security-hub/
us-west-2,AWS Server Migration Service (SMS),https://aws.amazon.com/server-migration-service/
us-west-2,AWS Serverless Application Repository,https://aws.amazon.com/serverless/serverlessrepo/
us-west-2,AWS Service Catalog,https://aws.amazon.com/servicecatalog/
us-west-2,AWS Shield,https://aws.amazon.com/shield/
us-west-2,AWS Signer,https://docs.aws.amazon.com/signer/latest/developerguide/Welcome.html
us-west-2,AWS SimSpace Weaver,https://aws.amazon.com/simspaceweaver/
us-west-2,AWS Snowball,https://aws.amazon.com/snowball/
us-west-2,AWS Snowcone,https://aws.amazon.com/snowcone/
us-west-2,AWS Step Functions,https://aws.amazon.com/step-functions/details/
us-west-2,AWS Storage Gateway,https://aws.amazon.com/storagegateway/
us-west-2,AWS Support,https://aws.amazon.com/premiumsupport/
us-west-2,AWS Systems Manager,https://aws.amazon.com/systems-manager/
us-west-2,AWS Telco Network Builder,https://aws.amazon.com/tnb/
us-west-2,AWS Transfer Family,https://aws.amazon.com/aws-transfer-family/
us-west-2,AWS Transit Gateway,https://aws.amazon.com/transit-gateway/
us-west-2,AWS Trusted Advisor,https://aws.amazon.com/premiumsupport/trustedadvisor/
us-west-2,AWS User Notifications,https://aws.amazon.com/notifications/
us-west-2,AWS VPN,https://aws.amazon.com/vpn/
us-west-2,AWS Verified Access,https://aws.amazon.com/verified-access/
us-west-2,AWS WAF,https://aws.amazon.com/waf/
us-west-2,AWS Well-Architected Tool,https://aws.amazon.com/well-architected-tool
us-west-2,AWS X-Ray,https://aws.amazon.com/xray/
us-west-2,Amazon API Gateway,https://aws.amazon.com/api-gateway/
us-west-2,Amazon AppFlow,https://aws.amazon.com/appflow/
us-west-2,Amazon AppStream 2.0,https://aws.amazon.com/appstream2/
us-west-2,Amazon Application Recovery Controller,https://aws.amazon.com/application-recovery-controller/
us-west-2,Amazon Athena,https://aws.amazon.com/athena/
us-west-2,Amazon Augmented AI (A2I),https://aws.amazon.com/augmented-ai/
us-west-2,Amazon Aurora,https://aws.amazon.com/rds/aurora/
us-west-2,Amazon Bedrock,https://aws.amazon.com/bedrock/
us-west-2,Amazon Braket,https://aws.amazon.com/braket/
us-west-2,Amazon Chime,https://chime.aws/
us-west-2,Amazon Chime SDK,https://aws.amazon.com/chime/chime-sdk/
us-west-2,Amazon Cloud Directory,https://aws.amazon.com/cloud-directory/
us-west-2,Amazon CloudFront,https://aws.amazon.com/cloudfront/
us-west-2,Amazon CloudSearch,https://aws.amazon.com/cloudsearch/
us-west-2,Amazon CloudWatch,https://aws.amazon.com/cloudwatch/
us-west-2,Amazon CloudWatch Logs,https://aws.amazon.com/cloudwatch/
us-west-2,Amazon CodeGuru,https://aws.amazon.com/codeguru/
us-west-2,Amazon Cognito,https://aws.amazon.com/cognito/
us-west-2,Amazon Comprehend,https://aws.amazon.com/comprehend/
us-west-2,Amazon Comprehend Medical,https://aws.amazon.com/comprehend/medical/
us-west-2,Amazon Connect,https://aws.amazon.com/connect/
us-west-2,Amazon Data Firehose,https://aws.amazon.com/firehose/
us-west-2,Amazon DataZone,https://aws.amazon.com/datazone/
us-west-2,Amazon Detective,https://aws.amazon.com/detective/
us-west-2,Amazon DevOps Guru,https://aws.amazon.com/devops-guru/
us-west-2,Amazon DocumentDB (with MongoDB compatibility),https://aws.amazon.com/documentdb/
us-west-2,Amazon DynamoDB,https://aws.amazon.com/dynamodb/
us-west-2,Amazon DynamoDB Accelerator,https://aws.amazon.com/dynamodb/dax/
us-west-2,Amazon EC2 Auto Scaling,https://aws.amazon.com/ec2/autoscaling/
us-west-2,Amazon ElastiCache,https://aws.amazon.com/elasticache/
us-west-2,Amazon Elastic Block Store (EBS),https://aws.amazon.com/ebs/
us-west-2,Amazon Elastic Compute Cloud (EC2),https://aws.amazon.com/ec2/
us-west-2,Amazon Elastic Container Registry (ECR),https://aws.amazon.com/ecr/
us-west-2,Amazon Elastic Container Service (ECS),https://aws.amazon.com/ecs/
us-west-2,Amazon Elastic File System (EFS),https://aws.amazon.com/efs/
us-west-2,Amazon Elastic Inference,https://aws.amazon.com/elastic-inference/
us-west-2,Amazon Elastic Kubernetes Service (EKS),https://aws.amazon.com/eks
us-west-2,Amazon Elastic MapReduce (EMR),https://aws.amazon.com/emr/
us-west-2,Amazon Elastic Transcoder,https://aws.amazon.com/elastictranscoder/
us-west-2,Amazon EventBridge,https://aws.amazon.com/eventbridge/
us-west-2,Amazon FSx,https://aws.amazon.com/fsx/
us-west-2,Amazon FSx for Lustre,https://aws.amazon.com/fsx/lustre/
us-west-2,Amazon FSx for NetApp ONTAP,https://aws.amazon.com/fsx/netapp-ontap
us-west-2,Amazon FSx for OpenZFS,https://aws.amazon.com/fsx/openzfs
us-west-2,Amazon FSx for Windows File Server,https://aws.amazon.com/fsx/windows/
us-west-2,Amazon File Cache,https://aws.amazon.com/filecache/
us-west-2,Amazon FinSpace,https://aws.amazon.com/finspace/
us-west-2,Amazon Forecast,https://aws.amazon.com/forecast/
us-west-2,Amazon Fraud Detector,https://aws.amazon.com/fraud-detector/
us-west-2,Amazon GameLift,https://aws.amazon.com/gamelift/
us-west-2,Amazon GuardDuty,https://aws.amazon.com/guardduty/
us-west-2,Amazon IVS,https://aws.amazon.com/ivs/
us-west-2,Amazon Inspector,https://aws.amazon.com/inspector/
us-west-2,Amazon Inspector Classic,https://docs.aws.amazon.com/inspector/v1/userguide/inspector_introduction.html
us-west-2,Amazon Kendra,https://aws.amazon.com/kendra/
us-west-2,Amazon Keyspaces (for Apache Cassandra),https://aws.amazon.com/keyspaces/
us-west-2,Amazon Kinesis Data Streams,https://aws.amazon.com/kinesis/streams/
us-west-2,Amazon Kinesis Video Streams,https://aws.amazon.com/kinesis/video-streams/
us-west-2,Amazon Lex,https://aws.amazon.com/lex/
us-west-2,Amazon Lightsail,https://amazonlightsail.com/
us-west-2,Amazon Location Service,https://aws.amazon.com/location
us-west-2,Amazon Lookout for Metrics,https://aws.amazon.com/lookout-for-metrics/
us-west-2,Amazon Lookout for Vision,https://aws.amazon.com/lookout-for-vision/
us-west-2,Amazon Lumberyard,https://aws.amazon.com/lumberyard/
us-west-2,Amazon MQ,https://aws.amazon.com/amazon-mq/
us-west-2,Amazon Macie,https://aws.amazon.com/macie/
us-west-2,Amazon Managed Grafana,https://aws.amazon.com/grafana/
us-west-2,Amazon Managed Service for Apache Flink,https://aws.amazon.com/managed-service-apache-flink/
us-west-2,Amazon Managed Service for Prometheus,https://aws.amazon.com/prometheus/
us-west-2,Amazon Managed Streaming for Apache Kafka,https://aws.amazon.com/msk/
us-west-2,Amazon Managed Workflows for Apache Airflow,https://aws.amazon.com/managed-workflows-for-apache-airflow/
us-west-2,Amazon MemoryDB,https://aws.amazon.com/memorydb
us-west-2,Amazon Neptune,https://aws.amazon.com/neptune/
us-west-2,Amazon Nimble Studio,https://aws.amazon.com/nimble-studio/
us-west-2,Amazon OpenSearch Service,https://aws.amazon.com/opensearch-service/
us-west-2,Amazon Personalize,https://aws.amazon.com/personalize/
us-west-2,Amazon Pinpoint and End User Messaging,https://aws.amazon.com/end-user-messaging/amazon-pinpoint-aws-end-user-messaging-landing-page/
us-west-2,Amazon Polly,https://aws.amazon.com/polly/
us-west-2,Amazon Q Business,https://aws.amazon.com/q/business/
us-west-2,Amazon Quantum Ledger Database (QLDB),https://aws.amazon.com/qldb/
us-west-2,Amazon QuickSight,https://aws.amazon.com/quicksight/
us-west-2,Amazon Redshift,https://aws.amazon.com/redshift/
us-west-2,Amazon Rekognition,https://aws.amazon.com/rekognition/
us-west-2,Amazon Relational Database Service (RDS),https://aws.amazon.com/rds/
us-west-2,Amazon Route 53,https://aws.amazon.com/route53/
us-west-2,Amazon SageMaker,https://aws.amazon.com/sagemaker/
us-west-2,Amazon Security Lake,https://aws.amazon.com/security-lake/
us-west-2,Amazon Simple Email Service (SES),https://aws.amazon.com/ses/
us-west-2,Amazon Simple Notification Service (SNS),https://aws.amazon.com/sns/
us-west-2,Amazon Simple Queue Service (SQS),https://aws.amazon.com/sqs/
us-west-2,Amazon Simple Storage Service (S3),https://aws.amazon.com/s3/
us-west-2,Amazon Simple Workflow Service (SWF),https://aws.amazon.com/swf/
us-west-2,Amazon SimpleDB,https://aws.amazon.com/simpledb/
us-west-2,Amazon Textract,https://aws.amazon.com/textract
us-west-2,Amazon Timestream,https://aws.amazon.com/timestream
us-west-2,Amazon Transcribe,https://aws.amazon.com/transcribe/
us-west-2,Amazon Translate,https://aws.amazon.com/translate/
us-west-2,Amazon VPC Lattice,https://aws.amazon.com/vpc/lattice/
us-west-2,Amazon Verified Permissions,https://aws.amazon.com/verified-permissions/
us-west-2,Amazon Virtual Private Cloud (VPC),https://aws.amazon.com/vpc/
us-west-2,Amazon WorkDocs,https://aws.amazon.com/workdocs/
us-west-2,Amazon WorkMail,https://aws.amazon.com/workmail/
us-west-2,Amazon WorkSpaces,https://aws.amazon.com/workspaces/
us-west-2,Amazon WorkSpaces Secure Browser,https://aws.amazon.com/workspaces/secure-browser/
us-west-2,Amazon WorkSpaces Thin Client,https://aws.amazon.com/workspaces/thin-client/
us-west-2,CloudEndure Disaster Recovery,https://aws.amazon.com/cloudendure-disaster-recovery/
us-west-2,CloudEndure Migration,https://aws.amazon.com/cloudendure-migration/
us-west-2,EC2 Image Builder,https://aws.amazon.com/image-builder/
us-west-2,Elastic Load Balancing,https://aws.amazon.com/elasticloadbalancing/
us-west-2,FreeRTOS,https://aws.amazon.com/freertos/
us-west-2,Red Hat OpenShift Service on AWS (ROSA),https://aws.amazon.com/rosa/
us-west-2,VMware Cloud on AWS,https://aws.amazon.com/vmware/
